Federal Department of Home Affairs FDHA
Federal Office of Meteorology and Climatology
MeteoSwiss

Creation date: 25.01.2024 / As at: cf. creation date

Monthly values Days with precipitation (>= 1mm) / number / Normals 1991-2020

Station	Altitude [m asl]	CH coordinates	Reference period	Jan	Feb	Mar	Apr	May	Jun	Jul	Aug	Sep	Oct	Nov	Dec	Year
Aadorf / Tänikon	539	2710518 / 1259824	01.1991-12.2020	10.2	9.9	10.6	10.6	12.5	11.7	11.9	11.6	10.0	10.2	10.0	12.0	131.2
Aarberg	444	2588354 / 1211894	01.1991-12.2020	10.4	9.1	9.5	9.2	11.7	10.6	10.6	10.6	9.1	10.5	10.5	11.2	123.0
Acquarossa / Comprovasco	575	2714985 / 1146450	01.1991-12.2020	5.7	4.9	6.1	7.8	10.2	10.4	9.9	10.3	7.7	8.5	8.9	6.3	96.7
Adelboden	1321	2609371 / 1148939	01.1991-12.2020	10.2	9.9	10.8	11.4	14.2	14.3	14.0	13.5	10.6	10.2	10.0	11.2	140.3
Affeltrangen	541	2718739 / 1266351	01.1991-12.2020	10.4	9.5	10.3	10.6	11.9	12.0	12.0	11.8	10.0	10.0	10.6	11.9	131.0
Affoltern i. E.	755	2622940 / 1212500	01.1991-12.2020	10.7	10.1	10.4	10.8	13.3	11.9	11.8	11.5	9.7	10.9	10.9	11.9	133.9
Aigle	381	2560403 / 1130713	01.1991-12.2020	9.0	7.8	8.6	8.6	11.6	10.7	10.8	10.4	8.7	9.7	9.3	10.1	115.3
Airolo	1139	2688910 / 1153417	01.1991-12.2020	9.2	7.4	8.0	9.6	11.8	10.0	9.8	11.3	8.5	10.2	10.8	9.3	115.9
Allenwinden, TG	865	2713800 / 1249549	01.1991-12.2020	12.4	11.9	12.6	11.9	14.0	13.9	13.1	12.7	11.2	11.7	11.9	14.5	151.8
Alpthal	1015	2696860 / 1212929	01.1991-12.2020	12.5	11.6	13.4	12.3	14.9	15.5	14.8	14.1	12.0	11.3	11.8	14.0	158.2
Altdorf	438	2690180 / 1193563	01.1991-12.2020	9.2	8.6	9.7	9.8	12.1	14.1	14.1	13.3	10.2	8.7	9.4	10.0	129.2
Altmatt	920	2695420 / 1220769	01.1991-12.2020	11.9	10.7	12.6	11.8	14.4	14.3	14.1	13.3	11.3	10.9	11.5	12.7	149.5
Altstätten, SG	430	2759910 / 1250201	01.1991-12.2020	10.9	9.6	11.8	10.7	12.4	13.9	13.2	12.8	10.8	9.8	10.6	12.4	138.9
Alvaneu Dorf	1162	2768985 / 1171899	01.1991-12.2020	7.5	7.0	7.2	7.8	10.8	11.9	12.4	12.1	8.9	8.4	8.8	8.4	111.2
Amriswil	420	2741796 / 1268303	01.1991-12.2020	9.9	9.0	9.7	10.4	11.9	12.6	12.1	11.7	9.9	9.9	9.7	11.9	128.7
Andeer	987	2752692 / 1164037	01.1991-12.2020	6.3	5.1	5.7	7.0	10.0	11.0	11.0	11.9	8.3	8.0	8.0	6.4	98.7
Andelfingen	360	2692617 / 1273392	01.1991-12.2020	10.6	9.2	10.0	9.9	11.7	11.2	11.4	11.1	9.3	10.7	10.1	11.8	127.0
Andermatt	1435	2687444 / 1165043	01.1991-12.2020	10.8	9.8	11.0	11.4	12.7	13.1	12.1	12.4	10.2	10.1	11.2	11.0	135.8
Appenzell	750	2748012 / 1245039	01.1991-12.2020	11.6	10.6	12.5	11.7	14.1	14.8	14.3	13.8	11.4	10.8	10.9	13.3	149.8
Arbon	401	2750506 / 1263114	01.1991-12.2020	9.7	9.1	10.3	10.2	12.6	12.7	12.0	11.9	10.3	9.6	9.6	11.3	129.3
Arisdorf	482	2625317 / 1261859	01.1991-12.2020	10.2	9.6	10.6	10.5	12.8	11.2	11.2	11.3	9.4	11.3	10.9	13.1	132.1
Arosa	1878	2771030 / 1184830	01.1991-12.2020	10.6	9.5	11.2	10.9	13.0	14.2	14.0	13.9	10.7	9.4	10.6	11.0	139.0
Avenches	457	2569652 / 1191910	01.1991-12.2020	9.7	8.8	9.0	9.2	11.5	10.7	10.4	10.1	8.4	10.9	9.8	10.9	119.4
Avers / Am Bach	1993	2761959 / 1146802	01.1991-12.2020	7.8	7.4	7.7	9.4	12.3	12.7	12.3	12.8	9.8	9.8	10.0	8.5	120.5
Bad Ragaz	497	2756911 / 1209350	01.1991-12.2020	9.1	7.7	10.1	9.2	11.7	12.7	12.9	13.4	9.8	8.7	9.4	10.0	124.7
Balsthal	523	2621017 / 1241091	01.1991-12.2020	10.8	10.6	10.4	10.5	12.1	11.6	11.5	11.2	9.3	11.0	11.1	12.8	132.9
Barmelweid	777	2640058 / 1252430	01.1991-12.2020	12.2	10.7	11.4	11.1	12.8	12.0	12.0	12.0	9.8	11.5	11.7	14.1	141.3
Basel / Binningen	316	2610908 / 1265611	01.1991-12.2020	9.1	8.4	8.9	9.3	11.7	10.6	10.1	10.2	8.5	10.4	10.0	11.0	118.2
Baulmes	642	2530055 / 1182443	01.1991-12.2020	11.7	10.7	10.4	10.1	12.5	11.1	10.2	10.5	9.5	11.4	11.3	12.4	131.8
Bauma	667	2710805 / 1247004	01.1991-12.2020	12.1	11.5	12.0	11.6	13.7	13.5	13.3	13.1	11.1	11.2	11.3	14.2	148.6
Bellelay	923	2579603 / 1234880	01.1991-12.2020	12.8	12.1	11.9	11.5	14.2	12.7	12.2	12.0	10.4	12.3	12.4	14.4	148.9
Bellinzona	224	2720913 / 1116587	01.1991-12.2020	5.4	4.4	5.8	9.1	11.7	10.4	9.4	10.0	8.1	8.6	9.3	6.4	98.6
Belp	510	2605082 / 1195000	01.1991-12.2020	10.0	9.0	9.7	9.9	12.6	11.7	11.3	11.2	8.9	9.9	10.1	11.0	125.3
Benken / Doggen	408	2715387 / 1227539	01.1991-12.2020	11.2	10.0	11.8	10.9	13.1	14.4	13.8	13.3	11.3	10.3	10.6	12.3	143.0
Bergün / Latsch	1408	2777274 / 1166618	01.1991-12.2020	7.9	7.7	8.0	8.5	11.4	12.9	13.0	13.1	9.8	8.6	8.8	8.5	118.2
Bern / Zollikofen	553	2601934 / 1204409	01.1991-12.2020	9.5	8.7	9.5	9.6	12.1	11.4	10.8	11.0	8.6	10.4	10.1	10.6	122.3
Bernina / Curtinatsch	2090	2795796 / 1146485	01.1991-12.2020	6.6	5.7	6.1	7.6	10.3	11.9	11.1	11.9	8.5	9.0	8.4	7.2	104.3
Beromünster	642	2657200 / 1228760	01.1991-12.2020	11.2	10.0	11.1	10.9	13.0	12.7	12.0	11.7	10.1	10.8	10.6	12.3	136.4
Bex	402	2565805 / 1121511	01.1991-12.2020	9.2	8.1	8.8	9.0	11.3	11.2	11.5	10.4	8.5	9.5	9.3	10.3	117.1
Beznau	326	2659813 / 1267696	01.1991-12.2020	10.5	9.3	9.9	9.0	11.8	10.4	10.8	10.4	8.6	10.1	10.5	12.5	123.8
Biasca	278	2718535 / 1132792	01.1991-12.2020	5.4	5.0	5.7	8.2	10.7	10.3	9.3	9.9	8.2	8.6	9.3	6.7	97.3
Binn	1479	2657995 / 1135421	01.1991-12.2020	8.5	8.0	8.4	9.0	10.5	10.8	9.6	10.3	7.9	8.4	10.7	10.1	112.2
Bischofszell / Sitterdorf	507	2737713 / 1263612	01.1991-12.2020	10.0	9.0	10.1	10.2	11.9	12.8	12.2	11.5	10.2	9.6	9.3	11.2	128.0
Bisisthal	856	2705983 / 1200132	01.1991-12.2020	12.2	10.9	13.2	12.6	14.4	16.5	15.8	15.7	12.3	10.7	11.6	13.3	159.2
Bivio	1856	2771282 / 1148119	01.1991-12.2020	8.5	8.2	8.4	9.6	12.1	12.7	12.3	12.0	9.7	9.6	10.4	9.0	122.5
Bière	684	2515887 / 1153211	01.1991-12.2020	10.5	9.1	9.2	9.3	11.3	10.1	10.0	9.3	8.8	10.5	10.4	11.0	119.5
Blatten, Lötschental	1538	2629563 / 1141083	01.1991-12.2020	9.7	9.2	9.2	8.3	10.8	11.3	11.4	11.3	9.0	9.8	9.8	10.5	120.3
Blumenstein	655	2606259 / 1177009	01.1991-12.2020	10.4	9.1	10.7	10.9	13.8	13.5	13.4	12.1	10.5	10.4	10.4	11.6	136.8
Boltigen	820	2595831 / 1163587	01.1991-12.2020	10.4	9.4	9.9	10.8	13.7	12.7	13.2	12.1	9.8	10.0	9.9	11.5	133.4
Bosco/Gurin	1486	2680878 / 1130026	01.1991-12.2020	8.2	7.0	8.5	11.0	13.7	11.7	10.2	11.4	9.4	10.5	10.9	8.8	121.3
Boudevilliers	750	2558094 / 1208130	01.1991-12.2020	11.1	10.0	9.8	9.5	11.8	11.0	10.6	10.3	8.9	11.4	10.5	12.2	127.1
Bourg-St-Pierre	1668	2582152 / 1088263	01.1991-12.2020	8.9	8.3	8.9	8.8	11.3	10.9	10.7	10.5	8.3	8.6	9.5	10.0	114.7
Braggio	1312	2729967 / 1128611	01.1991-12.2020	5.5	5.2	5.8	8.9	11.9	11.5	10.7	11.5	8.4	9.1	9.5	6.5	104.5
Braunau	592	2723115 / 1264786	01.1991-12.2020	10.8	10.0	11.3	11.3	12.6	13.0	12.9	11.9	11.0	10.3	10.6	12.7	138.4
Braunwald	1299	2717942 / 1199650	01.1991-12.2020	12.8	11.8	13.7	12.8	14.5	16.3	15.9	15.9	12.8	11.2	12.4	13.7	163.8
Brienz	567	2647552 / 1176803	01.1991-12.2020	10.0	8.9	10.2	10.3	12.6	13.9	13.9	13.7	10.7	9.8	9.9	11.0	134.9
Brig	665	2640566 / 1129068	01.1991-12.2020	7.3	6.1	5.7	5.8	7.7	7.7	7.2	7.9	5.8	6.5	7.4	8.1	83.2
Brissago	280	2698199 / 1108388	01.1991-12.2020	5.6	4.8	6.1	9.7	11.7	9.8	8.0	9.8	8.8	9.3	9.5	6.2	99.3
Bristen	784	2696223 / 1180372	01.1991-12.2020	10.7	10.0	11.5	11.8	13.5	15.1	14.0	14.5	11.4	10.2	10.7	11.0	144.4
Broc	682	2574681 / 1162098	01.1991-12.2020	10.1	9.1	9.6	10.5	13.5	12.0	11.4	11.5	9.6	10.6	10.4	11.5	129.8
Brusio	856	2806478 / 1127183	01.1991-12.2020	4.8	4.3	5.7	8.3	11.3	11.3	11.3	11.2	8.3	9.1	8.0	5.3	98.9
Brülisau	928	2752884 / 1240106	01.1991-12.2020	11.9	10.6	13.2	11.6	14.4	15.6	14.9	14.4	12.0	11.2	11.4	13.5	154.7
Buch, SH	414	2700944 / 1286038	01.1991-12.2020	9.9	8.7	9.5	9.1	10.9	10.5	11.0	11.0	8.1	9.6	9.5	11.1	118.9
Buchs / Aarau	387	2648396 / 1248369	01.1991-12.2020	9.6	8.6	9.5	10.2	11.6	11.3	10.9	11.2	8.5	10.1	9.8	11.6	122.9
Buffalora	1971	2816494 / 1170254	01.1991-12.2020	7.0	6.3	6.9	8.3	10.9	11.9	12.0	12.1	9.2	8.7	9.1	7.7	110.1
Bullet / La Frétaz	1205	2534225 / 1188081	01.1991-12.2020	11.5	10.1	10.5	10.8	13.0	11.8	11.0	11.1	9.9	11.6	11.0	12.2	134.5
Burgdorf	534	2612163 / 1211782	01.1991-12.2020	10.2	9.8	9.9	9.9	12.1	11.1	11.3	11.0	9.0	10.2	10.4	11.5	126.4
Bözberg	536	2652249 / 1259223	01.1991-12.2020	10.7	9.3	10.0	9.6	11.7	11.0	10.9	10.8	9.2	10.8	10.5	12.7	127.2
Bülach	403	2682029 / 1263775	01.1991-12.2020	10.1	9.3	9.9	10.3	11.2	11.0	11.3	10.9	8.7	10.3	10.4	12.1	125.5
Camedo	590	2690295 / 1112206	01.1991-12.2020	5.8	5.1	6.5	9.7	12.5	10.7	9.2	10.5	8.9	8.9	9.6	6.4	103.8
Campocologno	577	2807969 / 1124285	01.1991-12.2020	4.6	4.3	5.4	7.6	10.1	10.6	10.3	10.2	7.9	9.0	7.8	5.2	93.0
Cavaglia	1707	2799866 / 1138474	01.1991-12.2020	6.7	6.5	7.1	9.3	11.8	11.8	11.9	11.9	9.2	10.3	10.4	7.7	114.6
Cevio	417	2689688 / 1130564	01.1991-12.2020	6.4	5.7	6.9	9.7	12.1	10.8	9.4	10.3	8.1	9.8	9.8	7.5	106.5
Cham	443	2677758 / 1226877	01.1991-12.2020	9.6	9.0	10.4	10.3	12.4	12.9	12.8	12.4	9.8	10.0	9.7	11.0	130.3
Chanéaz	765	2546982 / 1175753	01.1991-12.2020	10.1	8.9	8.9	9.3	11.2	10.2	9.7	9.8	8.8	10.5	10.8	11.3	119.5
Chasseral	1594	2570845 / 1220157	01.1991-12.2020	11.1	9.9	10.7	11.2	13.9	12.7	12.5	12.1	10.7	12.7	11.3	12.5	141.3
Chaumont	1136	2565060 / 1211006	01.1991-12.2020	11.7	10.6	11.0	9.9	12.6	11.8	11.3	11.0	9.5	11.5	11.6	12.7	135.2
Chavornay	439	2531886 / 1172741	01.1991-12.2020	9.1	8.1	8.0	8.2	11.1	9.7	9.3	9.9	8.6	10.0	9.7	10.4	112.1
Chur	557	2759488 / 1193181	01.1991-12.2020	7.8	6.5	7.1	7.1	9.7	11.4	11.3	11.5	8.6	7.7	8.3	8.0	105.0
Château-d'Oex	1028	2577040 / 1147654	01.1991-12.2020	10.6	9.4	10.5	10.7	13.3	13.0	12.3	12.1	10.1	10.3	10.6	11.7	134.6
Cimetta	1661	2704433 / 1117457	01.1991-12.2020	5.6	5.2	6.6	10.2	12.4	10.6	9.8	10.9	9.3	10.1	10.2	7.0	107.9
Col des Mosses	1412	2573817 / 1137852	01.1991-12.2020	10.5	10.0	10.7	10.4	13.9	13.6	12.6	12.5	10.2	10.7	10.2	12.0	137.3
Col du Grand St-Bernard	2472	2579191 / 1079754	01.1991-12.2020	12.9	12.1	13.3	13.7	15.4	13.2	12.7	12.5	10.7	12.2	13.6	14.2	156.5
Coldrerio	347	2721080 / 1079233	01.1991-12.2020	5.6	5.6	6.6	9.7	11.3	10.0	7.4	8.6	8.4	8.8	9.6	6.7	98.3
Combe-Garot	530	2551202 / 1201470	01.1991-12.2020	11.2	10.4	10.7	10.7	12.5	11.3	10.7	10.6	9.4	11.6	10.5	12.2	131.8
Cossonay	590	2527562 / 1162465	01.1991-12.2020	9.6	8.1	8.3	8.5	10.9	9.7	9.8	9.7	8.3	10.0	9.7	10.4	113.0
Courtelary	695	2573622 / 1225598	01.1991-12.2020	11.6	10.8	11.0	11.4	12.9	12.3	11.9	11.5	10.1	11.7	11.9	13.4	140.5
Courtepin	565	2576279 / 1189930	01.1991-12.2020	10.4	9.1	9.7	9.7	12.2	11.3	10.6	10.5	8.9	10.3	10.4	11.2	124.3
Couvet	728	2540606 / 1198345	01.1991-12.2020	11.5	10.7	10.5	10.8	12.7	11.4	11.7	10.8	9.7	11.7	11.3	12.6	135.4
Davos	1594	2783519 / 1187458	01.1991-12.2020	8.8	7.9	8.9	9.0	12.0	13.7	13.8	13.6	10.0	8.7	9.1	9.8	125.3
Degersheim	830	2732600 / 1247599	01.1991-12.2020	11.4	10.7	12.1	11.3	13.2	14.5	13.7	13.1	11.4	10.8	10.8	12.9	145.9
Delémont	439	2593269 / 1244543	01.1991-12.2020	10.0	9.3	9.1	9.4	12.4	11.1	10.7	10.4	8.8	10.7	10.4	11.1	123.4
Diessenhofen	404	2696732 / 1283138	01.1991-12.2020	9.9	9.2	9.6	9.1	11.3	10.7	11.1	11.2	8.6	10.2	9.9	11.3	122.1
Dietikon	384	2672890 / 1251864	01.1991-12.2020	10.6	9.1	10.4	10.0	12.0	11.3	11.2	11.5	9.1	10.4	10.2	12.2	128.0
Dischma	1710	2786600 / 1182989	01.1991-12.2020	9.2	8.6	9.7	9.0	12.6	13.3	13.8	14.0	10.6	8.8	9.9	10.1	129.6
Disentis	1197	2708190 / 1173793	01.1991-12.2020	8.5	7.4	8.5	8.3	11.5	12.3	11.8	12.9	9.7	9.0	9.8	9.1	118.8
Ebnat-Kappel	623	2726347 / 1237176	01.1991-12.2020	12.1	10.9	13.1	11.7	14.0	14.4	14.3	13.5	11.1	10.7	11.4	13.9	151.1
Echallens	602	2537462 / 1166422	01.1991-12.2020	9.9	9.1	9.1	8.9	11.5	10.2	10.0	9.8	8.9	10.4	10.4	11.1	119.3
Effretikon	478	2695336 / 1254991	01.1991-12.2020	10.8	10.0	11.0	10.9	12.3	12.0	12.0	11.5	9.9	10.2	10.4	12.8	133.8
Eggersriet	770	2753060 / 1256196	01.1991-12.2020	11.5	10.1	12.4	10.8	13.5	13.8	13.9	12.9	11.3	10.5	11.0	13.0	144.7
Egolzwil	522	2642913 / 1225540	01.1991-12.2020	9.8	9.0	9.8	10.5	12.4	11.4	11.3	11.2	9.3	9.9	9.4	11.1	125.1
Ehrendingen	428	2667833 / 1262320	01.1991-12.2020	11.0	9.7	10.2	10.1	12.0	11.3	11.3	11.1	9.3	10.7	10.9	12.6	130.2
Eigenthal	1114	2659340 / 1203879	01.1991-12.2020	12.0	11.4	13.0	12.4	15.1	14.7	13.9	13.9	11.7	12.2	11.8	13.3	155.4
Einsiedeln	911	2699983 / 1221068	01.1991-12.2020	12.1	11.2	13.3	12.1	14.5	14.8	14.3	13.1	11.6	10.7	11.5	13.3	152.5
Elm	958	2732265 / 1198424	01.1991-12.2020	11.0	10.0	12.1	11.5	14.8	15.3	15.4	15.3	12.2	10.5	11.3	11.7	151.1
Engelberg	1036	2674161 / 1186069	01.1991-12.2020	11.4	10.0	12.2	12.0	14.5	15.9	15.7	14.7	11.7	10.3	10.9	11.7	151.0
Entlebuch	768	2647935 / 1204164	01.1991-12.2020	11.5	10.4	12.3	11.8	14.3	13.8	13.1	12.6	10.6	11.1	10.9	12.6	145.0
Eptingen	618	2627692 / 1247983	01.1991-12.2020	11.8	10.6	11.4	11.0	12.8	12.1	11.7	11.8	9.2	11.4	11.4	13.3	138.5
Eriswil	729	2631275 / 1214794	01.1991-12.2020	11.1	10.8	11.1	11.2	13.9	12.6	12.2	12.1	10.2	11.3	11.3	12.5	140.3
Erlenbach im Simmental	732	2606536 / 1167474	01.1991-12.2020	10.6	9.5	10.3	10.8	14.2	13.8	13.3	12.7	9.9	10.3	10.0	12.0	137.4
Eschenz	414	2707844 / 1278214	01.1991-12.2020	10.3	9.3	10.3	10.0	11.0	11.1	11.1	11.0	8.9	10.0	10.1	11.8	124.9
Eschlikon	579	2715684 / 1256830	01.1991-12.2020	11.0	10.7	11.2	10.8	12.8	12.2	12.3	12.1	10.3	10.4	10.6	12.8	137.2
Escholzmatt	840	2637850 / 1194828	01.1991-12.2020	11.9	11.2	12.0	12.2	14.5	14.4	13.8	12.7	10.6	11.4	11.3	13.0	149.0
Euthal	910	2704729 / 1217362	01.1991-12.2020	12.3	11.3	13.3	12.7	14.9	15.7	14.7	14.3	11.7	10.8	11.6	13.7	157.0
Evolène / Villa	1825	2605411 / 1106748	01.1991-12.2020	7.8	7.0	7.6	7.8	11.4	10.9	11.0	11.2	7.9	7.5	7.7	8.4	106.2
Fahy	596	2562464 / 1252675	01.1991-12.2020	11.2	10.7	10.4	10.2	13.0	10.9	10.9	10.5	9.5	11.7	11.6	13.0	133.6
Faido	747	2704950 / 1148265	01.1991-12.2020	7.3	6.3	7.1	8.7	11.1	10.5	9.7	10.7	7.9	9.3	10.0	7.6	106.2
Fieschertal	1175	2653989 / 1142081	01.1991-12.2020	8.6	8.0	7.8	7.6	9.5	10.1	9.0	10.1	8.0	8.4	9.4	9.5	106.0
Filisur	1030	2772250 / 1171319	01.1991-12.2020	7.4	6.8	6.5	7.1	10.3	11.8	12.2	12.1	9.0	8.3	8.6	8.6	108.7
Finhaut	1236	2564168 / 1103582	01.1991-12.2020	9.9	8.9	9.0	9.1	11.9	11.3	12.0	11.2	9.3	10.4	9.7	10.6	123.3
Fionnay	1500	2589959 / 1097765	01.1991-12.2020	9.9	9.8	10.1	9.9	12.3	12.5	11.8	11.1	9.1	9.6	10.1	10.9	127.1
Flawil	571	2733136 / 1252977	01.1991-12.2020	11.1	9.8	11.2	10.8	12.6	13.2	13.1	12.3	10.9	10.2	10.1	12.7	138.0
Flims	1056	2740706 / 1188588	01.1991-12.2020	10.6	9.5	10.6	10.2	12.3	12.5	13.1	13.7	10.1	9.5	10.8	11.1	134.0
Flühli, LU	940	2644332 / 1193311	01.1991-12.2020	11.7	10.7	11.9	12.2	14.4	14.4	14.1	13.7	11.0	10.9	10.8	12.9	148.7
Frauenfeld	393	2709480 / 1270169	01.1991-12.2020	10.1	9.3	10.1	9.8	11.7	10.9	11.3	11.2	9.1	10.1	10.2	12.1	125.9
Fribourg / Grangeneuve	651	2575183 / 1180076	01.1991-12.2020	9.2	8.4	9.6	9.7	12.4	11.4	10.3	10.6	8.7	10.0	9.9	10.3	120.5
Frick	344	2643355 / 1262699	01.1991-12.2020	11.2	9.9	10.1	9.9	11.7	11.0	10.5	11.1	9.1	10.9	10.9	12.9	129.2
Fruence	810	2558813 / 1152867	01.1991-12.2020	10.6	10.0	10.6	10.6	13.1	11.2	10.5	10.9	9.4	11.1	11.2	11.9	131.1
Frutigen	756	2616773 / 1160883	01.1991-12.2020	9.7	8.9	9.7	10.9	13.0	13.5	13.0	13.4	9.7	9.6	9.3	10.7	131.4
Fräschels	454	2582300 / 1205070	01.1991-12.2020	9.9	8.7	9.0	8.8	11.5	10.5	10.1	10.5	8.9	10.6	10.4	11.0	119.9
Gadmen	1190	2669740 / 1176589	01.1991-12.2020	11.8	10.7	12.3	11.6	14.0	15.5	15.0	14.8	11.2	10.2	11.2	12.3	150.6
Gempen, SO	587	2616269 / 1260413	01.1991-12.2020	10.9	9.9	10.5	10.5	12.9	11.8	11.1	11.1	9.9	11.6	11.1	13.0	134.3
Genève / Aïre	376	2495934 / 1116925	01.1991-12.2020	9.7	8.1	8.1	8.2	9.7	9.0	7.9	7.8	7.9	9.7	9.7	10.5	106.3
Genève / Cointrin	411	2498904 / 1122631	01.1991-12.2020	9.5	7.9	8.2	8.6	10.2	9.1	8.1	7.8	8.3	9.7	9.9	10.3	107.6
Giswil	471	2657323 / 1188976	01.1991-12.2020	9.6	9.1	10.4	10.8	13.2	14.2	13.8	13.3	10.2	9.7	10.0	10.6	134.9
Glarus	517	2723756 / 1210567	01.1991-12.2020	10.7	9.5	11.3	11.2	13.5	14.3	14.8	14.3	11.6	10.0	10.2	10.8	142.2
Grimentz	1512	2610767 / 1114288	01.1991-12.2020	7.8	7.4	7.6	7.2	10.6	10.9	10.4	10.9	7.6	7.7	7.9	8.3	104.3
Grimsel Hospiz	1980	2668583 / 1158214	01.1991-12.2020	12.1	11.8	13.2	12.5	13.9	14.6	13.4	13.8	11.3	10.8	11.6	12.7	151.7
Grindelwald	1107	2643511 / 1163246	01.1991-12.2020	9.9	9.6	10.3	10.6	13.8	14.4	14.2	14.2	10.3	9.9	10.1	11.1	138.4
Grono	324	2733017 / 1124089	01.1991-12.2020	5.4	4.6	5.9	8.7	12.1	10.8	9.8	10.6	8.5	8.5	8.8	6.0	99.7
Gross, SZ	897	2701799 / 1218840	01.1991-12.2020	12.1	11.2	13.0	11.5	14.5	14.7	14.4	13.4	11.4	10.6	11.4	13.4	151.6
Grosshöchstetten	755	2616015 / 1194884	01.1991-12.2020	10.4	9.1	10.9	10.7	13.6	12.8	12.5	12.3	10.5	11.1	10.6	11.7	136.2
Gryon	1158	2571093 / 1124889	01.1991-12.2020	10.3	9.9	10.4	10.6	13.5	12.8	12.7	12.3	10.1	10.4	10.3	11.4	134.7
Grächen	1605	2630738 / 1116062	01.1991-12.2020	6.6	5.9	6.1	6.3	9.0	9.1	8.9	9.2	6.5	6.8	6.8	7.4	88.6
Grüningen	535	2698752 / 1236665	01.1991-12.2020	10.8	9.8	11.1	10.7	12.8	13.4	13.2	12.7	10.6	10.4	10.1	12.3	137.9
Gsteig, Gstaad	1196	2587686 / 1136142	01.1991-12.2020	11.1	10.7	11.6	12.2	14.8	14.7	14.1	13.8	11.2	11.2	11.0	12.6	149.0
Guglera	879	2585059 / 1177645	01.1991-12.2020	10.4	9.7	10.8	11.1	14.2	12.6	11.5	11.9	9.7	10.9	10.8	11.6	135.2
Guttannen	1055	2665296 / 1167600	01.1991-12.2020	11.5	10.6	12.0	12.4	14.3	15.2	14.4	14.6	11.3	10.8	11.3	12.2	150.6
Göschenen	950	2688477 / 1171925	01.1991-12.2020	10.8	10.1	11.6	10.8	12.4	13.4	12.4	13.0	10.0	10.1	11.1	11.3	137.0
Göscheneralp	1745	2681253 / 1166803	01.1991-12.2020	11.7	10.9	12.3	12.0	13.6	14.6	13.9	14.6	11.5	10.7	12.4	12.4	150.6
Gösgen	380	2640422 / 1245949	01.1991-12.2020	9.9	8.9	9.8	10.3	11.6	10.6	11.0	11.3	8.9	10.0	10.3	11.4	124.0
Gütsch, Andermatt	2286	2690087 / 1167480	01.1991-12.2020	10.5	9.7	11.1	10.9	13.0	14.0	13.4	14.0	11.0	9.8	10.2	10.8	138.4
Güttingen	440	2738422 / 1273962	01.1991-12.2020	9.5	8.7	9.8	9.6	11.1	11.6	11.3	11.1	9.6	9.7	9.4	10.7	122.1
Hallau	419	2677456 / 1283471	01.1991-12.2020	10.0	8.7	9.3	8.8	10.4	10.4	11.0	10.3	8.1	10.3	9.9	11.4	118.6
Hausen am Albis	590	2682052 / 1232674	01.1991-12.2020	10.4	9.9	10.7	11.3	13.3	13.0	12.8	12.4	10.3	10.5	10.1	12.0	136.7
Herbetswil	544	2611291 / 1238440	01.1991-12.2020	11.4	10.5	10.6	10.4	12.2	11.8	11.5	11.1	9.5	10.8	10.9	12.5	133.2
Herisau	700	2737730 / 1250829	01.1991-12.2020	11.5	10.6	12.0	11.3	12.9	14.0	13.4	13.3	11.2	10.6	10.6	13.3	144.7
Herzogenbuchsee	482	2620889 / 1226910	01.1991-12.2020	10.7	10.1	10.1	10.1	11.8	11.2	11.0	11.7	9.2	10.8	11.0	12.1	129.8
Hessigkofen	580	2602350 / 1221220	01.1991-12.2020	10.6	9.4	9.6	9.3	11.7	10.8	10.8	10.8	9.0	10.9	10.7	11.6	125.2
Hinwil	539	2703874 / 1240717	01.1991-12.2020	10.7	10.0	11.1	10.6	13.2	13.1	12.8	12.7	10.6	10.3	10.4	12.1	137.6
Hoch-Ybrig	1458	2702760 / 1207629	01.1991-12.2020	13.2	12.6	14.4	13.7	16.0	16.7	15.9	15.8	13.2	12.2	12.5	15.2	171.4
Hondrich	760	2618524 / 1169129	01.1991-12.2020	9.9	9.2	10.3	10.8	13.6	13.9	14.0	12.8	10.0	9.8	9.8	10.8	134.9
Huttwil	633	2630261 / 1218189	01.1991-12.2020	11.3	10.5	10.9	11.0	13.1	11.6	11.8	11.7	9.7	11.2	10.9	12.2	135.9
Hérémence	1218	2597355 / 1114091	01.1991-12.2020	8.0	7.1	7.2	6.9	9.4	9.6	9.2	10.3	6.9	7.3	8.2	8.8	98.9
Ilanz	698	2735686 / 1181965	01.1991-12.2020	7.7	6.7	7.0	7.0	9.1	9.7	11.0	11.3	8.0	7.6	8.2	8.0	101.3
Innerferrera	1475	2753870 / 1154069	01.1991-12.2020	7.8	7.1	7.5	9.7	12.1	12.3	12.1	12.3	9.4	9.1	9.7	7.9	117.0
Innerthal	903	2712079 / 1218325	01.1991-12.2020	12.4	11.4	13.5	12.6	14.9	15.7	15.2	14.6	12.0	11.2	11.6	13.5	158.6
Interlaken	577	2633023 / 1169091	01.1991-12.2020	9.1	8.5	9.9	10.1	12.5	13.2	12.8	12.8	9.5	9.3	9.6	10.0	127.3
Isenthal	783	2685531 / 1196130	01.1991-12.2020	11.5	10.3	11.9	11.8	14.1	15.4	15.0	14.3	11.5	10.9	11.0	12.3	150.0
Jaun	1029	2587532 / 1162270	01.1991-12.2020	11.7	11.1	12.0	12.0	14.4	13.4	13.2	12.4	10.5	10.9	11.4	13.3	146.3
Jona	410	2706760 / 1231289	01.1991-12.2020	11.0	10.0	11.3	10.8	13.1	14.1	13.4	12.9	10.8	10.3	10.6	12.4	140.7
Jussy	466	2508909 / 1120364	01.1991-12.2020	9.9	8.5	8.7	8.6	11.0	9.0	8.6	8.9	8.4	9.9	10.1	10.5	112.1
Kaiserstuhl, AG	361	2673335 / 1269332	01.1991-12.2020	10.8	9.6	10.2	10.0	11.5	10.5	11.2	10.9	9.1	10.7	10.6	12.2	127.3
Kandersteg	1178	2618312 / 1149197	01.1991-12.2020	10.1	9.4	10.4	11.3	13.6	14.1	14.0	13.8	10.4	9.8	10.3	11.1	138.3
Kiental	930	2622110 / 1159074	01.1991-12.2020	10.0	9.0	10.4	11.4	13.9	13.9	13.6	13.5	9.8	9.9	9.5	10.9	135.8
Kiesen	535	2610256 / 1185526	01.1991-12.2020	9.2	8.2	9.7	10.0	12.6	12.1	12.1	11.8	9.4	9.8	9.8	10.7	125.4
Kirchberg, SG	742	2717906 / 1253595	01.1991-12.2020	10.7	10.6	11.0	10.5	13.1	13.2	12.5	12.3	10.5	10.4	10.4	12.3	137.5
Kleine Scheidegg	2061	2639925 / 1159424	01.1991-12.2020	11.0	9.8	11.4	11.9	14.7	15.1	14.6	14.5	10.6	10.2	11.1	11.6	146.5
Klosters	1186	2786857 / 1193365	01.1991-12.2020	10.7	10.2	11.3	10.6	13.0	14.4	14.2	14.2	11.4	9.7	10.6	11.5	141.8
Klöntal	855	2718775 / 1210699	01.1991-12.2020	12.2	11.0	13.1	12.5	15.1	16.0	16.0	15.7	12.7	11.0	11.4	13.0	159.7
Koppigen	485	2612663 / 1218664	01.1991-12.2020	10.1	9.3	9.5	9.5	11.9	11.4	10.8	11.2	9.1	10.3	10.6	11.4	125.1
Kronberg	1645	2742873 / 1239564	01.1991-12.2020	12.6	12.0	13.8	12.5	15.6	15.7	15.0	14.5	12.3	11.2	12.1	14.2	161.5
Kurzeneialp	894	2630576 / 1207006	01.1991-12.2020	12.3	11.6	12.5	12.4	14.8	13.4	12.7	12.2	10.7	11.4	11.9	13.5	149.4
Küblis	839	2778150 / 1198340	01.1991-12.2020	10.2	9.3	10.0	9.5	11.8	13.0	12.9	13.3	10.4	9.5	9.8	10.3	130.0
Küsnacht, ZH	413	2686703 / 1240572	01.1991-12.2020	10.2	9.5	10.6	10.7	12.7	12.3	12.3	11.5	9.9	10.1	9.8	11.7	131.3
Küssnacht am Rigi	502	2675329 / 1216765	01.1991-12.2020	10.1	9.5	11.0	10.9	13.0	13.5	13.3	12.9	10.3	10.1	10.0	11.3	135.9
L' Auberson	1096	2523851 / 1186295	01.1991-12.2020	13.2	11.2	11.5	12.2	14.1	12.2	12.5	11.9	10.5	12.6	12.5	13.9	148.3
L'Abergement	647	2527539 / 1178770	01.1991-12.2020	12.2	10.8	10.3	10.3	12.5	10.5	10.3	10.4	9.7	11.6	11.8	12.8	133.2
La Brévine	1050	2536981 / 1203974	01.1991-12.2020	12.2	11.2	11.4	11.6	14.2	11.8	11.9	11.4	10.6	12.4	12.0	13.1	143.8
La Chaux-de-Fonds	1017	2550919 / 1214861	01.1991-12.2020	12.3	11.5	11.4	11.7	14.4	12.8	12.5	11.6	10.4	12.3	11.9	13.6	146.4
La Cure	1185	2495297 / 1146347	01.1991-12.2020	13.5	12.2	12.2	13.1	14.8	12.9	11.8	11.3	10.6	12.7	13.4	14.5	153.0
La Dôle	1670	2497059 / 1142372	01.1991-12.2020	12.4	11.5	12.0	11.9	14.2	12.4	12.0	11.1	10.8	12.4	12.8	13.8	147.3
La Valsainte	1044	2580089 / 1166314	01.1991-12.2020	11.4	10.6	11.6	11.8	14.9	13.2	12.3	12.3	10.2	11.2	11.2	13.2	143.9
Lachen / Eggen	930	2762030 / 1255899	01.1991-12.2020	11.4	9.9	12.6	10.8	13.0	14.2	13.1	12.9	10.8	9.9	10.8	13.1	142.5
Lachen / Galgenen	468	2707638 / 1226334	01.1991-12.2020	11.4	9.9	11.7	10.9	13.3	14.5	13.8	13.2	10.8	10.4	10.4	12.7	143.0
Landquart	537	2762680 / 1203709	01.1991-12.2020	9.5	8.2	9.6	8.4	10.9	12.2	12.3	12.2	9.5	8.6	9.6	9.8	120.8
Langenbruck	731	2624250 / 1244720	01.1991-12.2020	11.9	11.1	11.5	10.9	13.0	12.1	12.3	11.7	9.7	11.7	11.6	13.4	140.9
Langnau am Albis	535	2682763 / 1238014	01.1991-12.2020	11.1	10.1	11.0	10.9	13.0	13.2	12.5	12.1	10.1	10.8	10.6	12.7	138.1
Langnau i.E.	744	2628004 / 1198793	01.1991-12.2020	10.7	10.0	11.3	11.4	13.6	13.5	13.0	12.1	10.3	10.9	10.9	11.9	139.6
Laufen	404	2606652 / 1251464	01.1991-12.2020	10.8	10.2	10.4	10.3	12.9	11.6	10.8	10.7	9.3	11.4	11.1	12.3	131.8
Laufenburg	329	2646357 / 1266514	01.1991-12.2020	11.5	10.2	10.3	10.1	12.0	10.7	11.0	11.3	9.4	11.1	11.1	13.3	132.0
Laupen	483	2584905 / 1196204	01.1991-12.2020	9.6	8.8	9.5	9.6	11.7	10.7	10.3	10.6	9.1	10.4	10.2	10.9	121.4
Lausanne	601	2538975 / 1153256	01.1991-12.2020	10.2	8.8	9.4	9.3	12.0	10.3	9.5	9.6	9.0	10.6	10.5	11.1	120.3
Lauterbrunnen	815	2635851 / 1160290	01.1991-12.2020	9.7	9.0	9.9	10.6	12.9	13.8	13.8	13.6	10.4	9.6	9.7	10.5	133.5
Le Locle	1015	2546612 / 1212177	01.1991-12.2020	13.2	12.0	11.9	11.8	14.1	12.5	12.0	11.2	10.3	12.3	12.5	14.3	148.1
Le Moléson	1974	2567718 / 1155076	01.1991-12.2020	9.6	8.6	10.1	10.1	13.5	12.7	11.5	11.8	10.0	10.4	9.8	11.2	129.3
Leibstadt	341	2656374 / 1272121	01.1991-12.2020	10.7	9.3	9.8	9.3	11.8	10.5	10.6	10.5	9.0	10.6	10.7	12.6	125.4
Lenzerheide	1400	2761860 / 1175889	01.1991-12.2020	9.4	8.3	9.3	9.5	11.8	12.2	11.9	12.6	9.2	8.3	10.2	9.8	122.5
Les Avants	1036	2561879 / 1145178	01.1991-12.2020	11.2	10.5	11.1	11.3	13.9	12.5	11.8	11.8	10.6	11.6	11.5	12.4	140.2
Les Bioux	1023	2509916 / 1163443	01.1991-12.2020	13.1	12.1	11.8	12.1	14.1	12.4	11.8	11.0	10.1	12.2	12.8	14.2	147.7
Les Brenets	908	2544673 / 1213695	01.1991-12.2020	13.6	12.5	12.2	11.9	14.6	12.5	12.6	11.9	10.8	12.8	13.0	15.3	153.7
Les Diablerets	1190	2579029 / 1132860	01.1991-12.2020	11.0	10.3	10.7	10.8	14.4	14.1	13.3	12.7	10.8	11.2	10.6	12.1	142.0
Les Marécottes	990	2567374 / 1107577	01.1991-12.2020	10.2	8.7	9.4	9.2	11.4	11.1	11.7	11.0	8.9	10.0	9.7	10.6	121.9
Les Ponts-de-Martel	1052	2545886 / 1205407	01.1991-12.2020	13.2	11.6	12.2	11.9	14.1	12.6	12.2	11.4	10.7	12.4	12.6	14.3	149.2
Leukerbad	1286	2614082 / 1135090	01.1991-12.2020	9.9	9.0	8.7	7.9	11.2	10.8	11.7	11.6	9.2	8.8	9.5	10.2	118.5
Linthal / Tierfehd	810	2717770 / 1193169	01.1991-12.2020	11.7	10.6	12.4	12.3	14.5	15.7	15.3	15.7	12.4	11.2	11.3	12.2	155.3
Locarno / Monti	367	2704166 / 1114315	01.1991-12.2020	5.3	4.6	6.4	9.5	11.4	10.4	9.0	10.0	9.0	9.3	9.7	6.3	100.9
Lohn, SH	585	2692911 / 1289774	01.1991-12.2020	9.9	8.6	9.3	8.9	11.0	10.3	11.3	10.2	8.3	10.1	10.0	11.1	119.0
Longirod	900	2509386 / 1150106	01.1991-12.2020	11.7	10.2	9.5	9.8	12.8	10.8	10.3	10.2	9.0	11.1	11.2	12.0	128.6
Lorzentobel	534	2684601 / 1226129	01.1991-12.2020	10.8	10.1	11.7	11.3	13.5	13.8	13.4	12.8	10.6	10.9	10.6	12.4	141.9
Lugano	273	2717874 / 1095882	01.1991-12.2020	5.3	5.0	6.3	9.9	11.6	10.1	8.2	9.6	8.7	9.2	9.3	6.3	99.5
Lungern	761	2655415 / 1181868	01.1991-12.2020	11.1	10.7	11.2	11.3	13.2	14.5	14.4	14.0	11.2	10.3	10.8	12.3	145.0
Luthern	768	2636488 / 1212025	01.1991-12.2020	11.4	10.9	11.2	11.6	14.2	12.3	12.3	11.8	9.9	11.3	11.3	12.7	140.9
Luzern	454	2665544 / 1209849	01.1991-12.2020	9.7	8.7	11.0	11.2	13.1	13.5	12.7	12.7	10.2	10.0	9.5	10.5	132.8
Madiswil	663	2629396 / 1223378	01.1991-12.2020	10.6	9.9	10.2	10.4	12.5	10.9	11.1	11.1	8.8	10.6	10.7	11.6	128.4
Magadino / Cadenazzo	203	2715479 / 1113160	01.1991-12.2020	5.3	4.5	6.3	9.6	11.9	10.6	9.1	10.3	8.5	9.4	9.5	6.2	101.2
Magglingen	883	2583037 / 1221115	01.1991-12.2020	11.3	10.6	10.8	10.4	12.8	11.5	11.0	11.3	9.7	11.9	11.9	12.7	135.9
Malbun	1610	2764702 / 1219184	01.1991-12.2020	12.1	11.0	13.2	12.7	14.6	15.6	15.0	14.6	12.5	10.7	11.2	13.0	156.2
Marbach, LU	864	2635347 / 1189679	01.1991-12.2020	11.6	10.8	11.9	12.2	14.8	14.8	14.1	13.1	11.3	11.1	11.1	12.7	149.5
Marsens	715	2571757 / 1167316	01.1991-12.2020	11.0	9.6	10.3	11.1	13.7	12.3	11.0	11.7	9.8	11.0	10.9	12.0	134.4
Martigny	461	2570919 / 1106546	01.1991-12.2020	8.3	7.3	7.4	7.2	9.4	9.0	9.2	9.4	6.8	8.2	7.8	9.0	99.0
Martina	1041	2830465 / 1196986	01.1991-12.2020	6.5	6.0	6.2	5.5	8.9	10.4	10.9	11.8	7.9	7.5	8.1	7.6	97.3
Meiringen	589	2655844 / 1175929	01.1991-12.2020	10.0	9.0	10.2	10.1	12.3	14.0	14.0	13.8	10.3	9.8	10.0	10.8	134.3
Mervelier	540	2603884 / 1243975	01.1991-12.2020	11.4	10.5	10.5	10.5	13.0	12.1	11.9	11.3	9.8	11.9	11.5	13.4	137.8
Mesocco	825	2737851 / 1139822	01.1991-12.2020	5.6	5.3	6.2	9.3	12.2	11.1	11.4	11.4	8.7	9.6	9.9	7.0	107.7
Mogelsberg	780	2728363 / 1247073	01.1991-12.2020	11.4	10.7	12.3	11.2	13.8	14.1	13.4	12.8	11.1	10.8	10.5	13.1	145.2
Monstein	1633	2778426 / 1176002	01.1991-12.2020	9.0	8.5	8.8	9.1	11.6	13.1	13.8	13.7	9.9	8.6	9.8	9.7	125.6
Montagne du Droit	1170	2561830 / 1222150	01.1991-12.2020	13.3	12.1	12.1	12.3	14.5	12.9	12.4	12.2	10.6	12.9	12.7	14.6	152.6
Montagnier, Bagnes	839	2583491 / 1102189	01.1991-12.2020	8.6	8.0	7.9	8.9	10.7	9.9	10.5	10.2	7.6	8.3	9.1	9.6	109.3
Montana	1423	2601708 / 1127488	01.1991-12.2020	8.3	7.1	7.8	7.5	10.2	10.3	9.7	10.2	7.6	8.1	8.0	9.0	103.8
Montenol	694	2578412 / 1244818	01.1991-12.2020	11.9	11.9	11.3	10.8	13.7	11.4	11.5	11.3	9.9	12.2	12.4	13.9	142.2
Morbio Superiore	594	2723520 / 1080124	01.1991-12.2020	5.6	5.5	6.7	10.5	11.5	10.0	7.9	8.9	8.4	9.0	9.6	6.7	100.3
Morges	374	2528808 / 1152121	01.1991-12.2020	9.7	8.3	8.7	8.5	10.9	9.1	9.6	9.0	8.5	9.8	9.9	10.5	112.5
Morgins	1341	2554716 / 1120675	01.1991-12.2020	11.8	10.9	11.5	11.1	14.7	13.1	13.4	12.5	10.5	11.6	11.9	12.8	145.8
Mormont	535	2569727 / 1254223	01.1991-12.2020	12.4	11.7	11.2	10.7	12.8	11.0	10.8	10.8	9.5	11.6	12.2	14.0	138.7
Mosen	453	2660128 / 1232852	01.1991-12.2020	10.4	9.1	10.5	10.6	12.4	12.0	11.9	11.8	9.8	10.1	9.8	11.5	129.9
Mosogno	771	2692802 / 1117049	01.1991-12.2020	5.8	5.3	6.6	9.7	12.1	11.3	9.8	11.2	8.8	9.1	9.8	7.0	106.5
Mottec	1580	2614324 / 1110729	01.1991-12.2020	8.1	7.3	7.6	8.1	11.2	11.6	11.0	11.3	8.1	8.0	8.3	8.4	109.0
Moudon	563	2551368 / 1169636	01.1991-12.2020	10.0	9.1	9.4	8.8	12.4	10.4	10.3	10.6	8.8	10.4	10.7	11.3	122.2
Moutier	579	2594939 / 1235698	01.1991-12.2020	10.9	10.6	10.6	10.3	12.7	11.9	11.2	11.0	9.3	11.3	11.1	12.3	133.2
Muri, AG	577	2667276 / 1235322	01.1991-12.2020	10.8	9.4	10.7	10.6	12.6	12.2	11.7	11.9	9.6	10.1	10.2	12.1	131.9
Murten	433	2576991 / 1199048	01.1991-12.2020	9.7	8.7	9.2	9.3	11.7	10.7	10.3	10.4	8.8	10.2	10.1	11.0	120.1
Möhlin	343	2633053 / 1269147	01.1991-12.2020	10.6	9.4	10.2	10.7	12.3	10.9	10.9	11.4	9.4	11.4	11.3	12.6	131.1
Mühleberg	480	2587792 / 1202480	01.1991-12.2020	9.3	9.1	9.2	9.3	12.1	11.0	10.9	10.8	8.6	10.1	9.8	11.0	121.2
Mülligen	393	2659783 / 1256026	01.1991-12.2020	10.5	9.9	10.0	10.3	11.9	11.5	11.2	11.3	9.5	10.7	10.8	12.4	130.0
Mürren	1632	2634610 / 1156091	01.1991-12.2020	10.6	10.2	11.4	11.6	14.3	14.4	15.1	14.6	11.0	10.3	10.6	11.8	145.9
Müstair	1248	2831186 / 1169358	01.1991-12.2020	4.6	4.7	4.8	6.4	8.5	9.5	10.6	10.2	7.5	7.3	7.2	5.6	86.9
Napf	1404	2638137 / 1206079	01.1991-12.2020	11.1	10.8	12.5	12.6	15.1	13.8	13.4	12.8	11.2	11.9	11.4	12.7	149.3
Neuchâtel	485	2563086 / 1205559	01.1991-12.2020	9.9	8.9	9.0	9.2	11.4	10.4	10.3	10.2	8.5	10.4	9.6	10.5	118.3
Niederneunforn	440	2700861 / 1272509	01.1991-12.2020	10.1	8.8	9.7	9.7	11.3	11.0	11.1	11.0	8.8	9.8	9.8	11.6	122.7
Nyon / Changins	458	2506877 / 1139573	01.1991-12.2020	10.1	8.1	8.3	8.5	10.9	9.5	9.0	8.7	7.8	10.0	10.1	10.4	111.4
Oberiberg	1075	2701841 / 1210463	01.1991-12.2020	12.4	11.6	13.7	12.4	14.8	15.6	15.2	14.4	12.2	10.9	11.8	13.9	158.9
Obstalden	689	2730891 / 1219536	01.1991-12.2020	11.0	9.8	12.0	11.0	13.5	14.8	14.2	14.1	11.4	10.0	10.5	11.9	144.2
Olivone	890	2714903 / 1154143	01.1991-12.2020	6.9	6.0	7.0	8.9	11.0	10.9	10.2	10.9	8.4	9.5	9.6	7.7	107.0
Opfikon	424	2684614 / 1254697	01.1991-12.2020	10.8	9.6	10.7	10.4	11.7	11.6	11.3	11.4	9.6	10.6	10.3	12.1	130.1
Orbe	438	2531750 / 1176425	01.1991-12.2020	9.5	8.2	8.2	8.8	11.2	9.7	9.6	10.1	8.6	10.4	10.0	10.7	115.0
Orsières	929	2577021 / 1096695	01.1991-12.2020	8.1	7.1	7.6	7.2	9.8	9.7	9.4	9.6	6.9	7.7	8.2	9.3	100.6
Orzens	624	2542134 / 1174815	01.1991-12.2020	10.3	8.8	9.2	8.8	11.0	10.1	9.7	9.8	8.7	10.6	10.2	11.0	118.2
Otelfingen	435	2671520 / 1257079	01.1991-12.2020	11.3	9.7	10.8	10.4	12.4	11.7	11.4	11.6	9.6	10.8	10.7	12.6	133.0
Payerne	490	2562130 / 1184611	01.1991-12.2020	8.7	7.8	8.2	8.8	11.3	10.4	10.0	9.6	8.3	10.1	8.9	9.6	111.7
Payerne / Ville	447	2561614 / 1187040	01.1991-12.2020	9.5	8.4	8.7	8.7	11.5	10.2	10.3	9.6	8.4	10.4	9.7	10.4	115.8
Pfäffikon, ZH	537	2699400 / 1248164	01.1991-12.2020	10.5	10.0	11.2	11.1	12.9	12.5	12.4	12.3	10.3	10.3	10.3	12.4	136.2
Pigniu	1325	2727950 / 1185714	01.1991-12.2020	10.6	9.6	10.9	10.5	13.9	13.9	14.2	14.4	11.1	10.7	11.0	11.4	142.2
Pilatus	2105	2661904 / 1203410	01.1991-12.2020	12.2	11.3	13.3	12.8	14.6	15.2	14.4	13.9	11.3	11.0	11.5	13.7	155.2
Piotta	990	2695880 / 1152264	01.1991-12.2020	8.1	6.7	7.5	9.3	11.6	10.5	9.8	11.5	8.4	9.1	10.0	8.3	110.8
Piz Corvatsch	3294	2783155 / 1143524	01.1991-12.2020	9.0	8.3	10.0	11.6	14.1	14.1	13.1	13.0	10.1	10.3	11.2	9.9	134.7
Plaffeien	1042	2586828 / 1177406	01.1991-12.2020	9.0	8.4	9.7	10.7	14.0	12.5	11.7	11.9	9.7	10.5	9.6	10.6	128.3
Pleigne	738	2587683 / 1251978	01.1991-12.2020	12.3	11.4	11.0	10.8	13.7	11.7	11.5	11.2	10.0	11.6	12.3	13.9	141.4
Ponte Tresa	274	2710110 / 1091628	01.1991-12.2020	5.1	4.7	6.2	10.0	11.7	9.8	8.2	9.1	8.0	9.3	9.0	6.0	97.1
Pontresina	1787	2787950 / 1153832	01.1991-12.2020	6.2	5.1	5.3	6.5	9.0	10.9	10.4	10.8	7.8	8.1	8.0	6.8	94.9
Poschiavo / Robbia	1078	2801993 / 1136248	01.1991-12.2020	5.3	4.5	5.9	7.9	11.5	10.8	11.1	11.1	8.5	9.4	9.2	6.0	101.2
Pully	456	2540819 / 1151510	01.1991-12.2020	9.8	8.5	9.0	9.2	11.7	9.9	9.6	9.5	8.9	10.3	10.4	10.9	117.7
Punt la Drossa	1713	2810567 / 1170637	01.1991-12.2020	7.5	6.3	6.6	7.3	10.0	11.4	11.5	11.5	8.5	8.6	9.0	8.6	106.8
Reigoldswil	605	2617672 / 1249938	01.1991-12.2020	11.5	10.9	11.6	11.1	13.1	12.5	12.4	11.5	9.7	11.8	11.5	13.7	141.3
Rempen	650	2710610 / 1221849	01.1991-12.2020	11.9	10.8	13.0	12.0	14.0	15.4	14.5	14.1	11.9	10.7	11.5	13.2	153.0
Ricken	836	2722680 / 1235901	01.1991-12.2020	12.5	11.4	13.1	12.0	14.3	15.0	14.6	13.7	11.3	11.2	11.6	14.2	154.9
Riedholz / Wallierhof	518	2609394 / 1231491	01.1991-12.2020	11.3	10.5	10.5	10.1	12.5	11.5	11.7	11.6	9.7	11.4	11.3	12.7	134.8
Riehen	390	2617757 / 1271022	01.1991-12.2020	10.2	8.6	9.4	9.7	11.6	10.5	10.1	10.3	8.6	10.8	10.5	11.6	121.9
Riex	460	2546091 / 1149422	01.1991-12.2020	10.6	9.2	9.3	9.6	11.4	10.8	9.8	9.7	8.9	10.6	10.8	11.5	122.2
Robièi	1898	2682587 / 1144090	01.1991-12.2020	10.7	9.3	10.5	12.4	14.2	12.2	11.3	12.4	10.8	12.1	12.1	10.5	138.5
Romont	692	2561475 / 1172622	01.1991-12.2020	9.9	9.0	9.9	9.6	12.4	10.9	10.2	10.6	8.7	10.6	10.5	11.5	123.8
Rothenbrunnen	620	2751221 / 1181292	01.1991-12.2020	7.6	6.4	6.6	6.7	9.5	10.5	10.7	11.3	7.8	7.5	8.3	7.9	100.8
Rünenberg	611	2633252 / 1253846	01.1991-12.2020	9.8	8.7	9.9	10.6	12.0	11.6	11.9	11.5	9.1	10.7	10.4	11.4	127.6
S. Bernardino	1639	2734116 / 1147293	01.1991-12.2020	7.6	6.5	8.1	10.1	14.1	12.5	12.0	12.7	10.0	11.1	10.7	8.5	123.9
Saas Fee	1796	2638235 / 1106761	01.1991-12.2020	6.5	6.0	6.3	7.3	9.3	9.5	8.2	9.1	7.0	7.5	7.9	7.9	92.5
Safien Platz	1296	2743556 / 1171436	01.1991-12.2020	8.6	7.5	8.5	8.9	11.2	12.7	12.8	13.3	9.2	8.9	9.5	8.6	119.7
Saignelégier	883	2565349 / 1234100	01.1991-12.2020	13.7	12.9	12.6	12.2	14.5	12.1	12.0	11.9	10.9	12.5	13.1	15.1	153.5
Salen-Reutenen	719	2719100 / 1279046	01.1991-12.2020	8.5	8.1	9.2	9.4	11.2	11.2	12.0	11.3	9.6	10.0	9.6	10.4	120.5
Salez / Saxerriet	436	2755558 / 1233373	01.1991-12.2020	10.3	8.9	10.9	10.1	12.5	13.8	13.5	13.7	10.9	9.4	10.0	11.3	135.3
Samedan	1709	2787250 / 1155684	01.1991-12.2020	5.2	4.2	4.3	6.0	9.2	11.0	10.6	11.0	8.0	8.1	7.9	6.1	91.6
Sangernboden	1035	2593219 / 1173905	01.1991-12.2020	11.5	10.8	11.5	11.9	15.0	13.8	12.7	12.5	10.8	11.4	11.2	12.4	145.5
Sargans	585	2752065 / 1213348	01.1991-12.2020	10.6	9.7	11.6	10.7	13.1	14.0	13.9	14.0	10.7	9.9	10.8	11.4	140.4
Sarnen	471	2662147 / 1194359	01.1991-12.2020	9.2	8.7	9.8	10.1	12.5	13.5	13.4	13.0	10.2	9.6	9.6	10.1	129.7
Sattel, SZ	790	2691000 / 1215145	01.1991-12.2020	12.0	10.5	12.4	11.8	13.7	14.7	14.0	13.4	11.4	10.5	11.1	12.6	148.1
Savognin	1172	2765387 / 1162662	01.1991-12.2020	7.4	6.1	6.8	7.8	10.1	11.0	11.3	11.5	8.8	7.9	8.4	7.5	104.6
Schaan	444	2755510 / 1228259	01.1991-12.2020	9.6	8.4	10.6	9.4	12.4	13.3	13.3	13.5	10.4	9.1	9.6	10.3	129.9
Schaffhausen	438	2688703 / 1282803	01.1991-12.2020	10.2	8.7	10.0	9.4	11.3	10.9	11.4	10.8	8.9	10.5	9.9	11.1	123.1
Schleitheim	497	2678236 / 1288716	01.1991-12.2020	10.1	9.0	8.9	8.9	11.0	10.2	11.1	9.6	8.0	9.8	9.3	11.0	116.9
Schwarzenburg	806	2593149 / 1184720	01.1991-12.2020	10.0	9.6	10.5	10.9	13.9	12.0	11.3	11.5	9.7	10.5	10.9	11.6	132.4
Schwarzenegg	902	2621687 / 1183859	01.1991-12.2020	9.8	9.1	10.1	10.8	13.5	13.2	12.8	12.0	10.2	10.0	9.8	10.9	132.2
Schwyz	479	2691646 / 1208411	01.1991-12.2020	11.2	10.3	12.2	11.2	13.3	14.9	13.8	13.3	11.1	10.5	10.6	12.0	144.4
Schwägalp	1348	2742180 / 1235649	01.1991-12.2020	13.6	12.5	14.7	13.1	15.6	16.1	15.4	14.6	12.6	11.9	12.2	15.1	167.4
Schänis	415	2719940 / 1225579	01.1991-12.2020	11.3	10.2	11.9	11.5	13.5	14.7	14.1	13.4	11.5	10.3	10.9	12.7	146.0
Scudellate	920	2724253 / 1086841	01.1991-12.2020	5.4	5.9	7.0	10.9	12.5	11.4	8.6	9.5	9.3	10.1	9.8	6.8	107.2
Scuol	1304	2817138 / 1186393	01.1991-12.2020	5.9	4.9	5.2	6.0	9.1	10.6	11.0	11.8	8.0	8.0	7.2	6.8	94.5
Sedrun	1431	2699952 / 1169848	01.1991-12.2020	11.1	9.4	10.7	9.9	12.7	12.8	13.0	13.8	10.6	10.5	11.5	11.1	137.1
Seengen	445	2656680 / 1242100	01.1991-12.2020	10.6	9.6	10.0	10.3	12.0	11.5	11.6	11.3	9.3	10.2	10.0	11.9	128.3
Segl-Maria	1804	2778576 / 1144976	01.1991-12.2020	7.0	5.6	6.1	8.2	10.7	11.4	11.3	11.4	8.2	8.9	8.9	8.0	105.7
Sempach	532	2657439 / 1220764	01.1991-12.2020	9.6	9.4	10.4	11.1	13.1	12.4	12.1	11.9	9.4	10.3	9.4	11.3	130.4
Semsales	874	2561108 / 1158427	01.1991-12.2020	11.2	10.3	10.7	10.6	13.3	11.5	11.0	11.1	9.8	11.3	11.4	12.4	134.6
Sevelen	457	2755605 / 1221301	01.1991-12.2020	9.7	8.5	10.6	9.9	12.3	13.7	13.7	13.8	10.9	9.3	9.8	10.3	132.5
Siebnen	452	2710821 / 1225537	01.1991-12.2020	11.3	10.1	12.2	11.3	13.3	14.5	14.0	12.9	11.3	10.1	10.7	12.5	144.2
Sierre	540	2608597 / 1127297	01.1991-12.2020	7.5	5.8	6.0	5.9	7.8	8.0	8.0	8.3	6.1	6.6	7.5	8.1	85.6
Sihlbrugg	549	2686318 / 1230585	01.1991-12.2020	10.7	9.8	11.1	11.2	13.5	13.4	13.1	12.6	10.6	10.2	10.2	11.9	138.3
Simplon-Dorf	1465	2647682 / 1116339	01.1991-12.2020	8.2	6.8	7.1	9.3	11.2	10.0	9.2	9.1	8.0	9.3	9.9	7.7	105.8
Sion	482	2591632 / 1118583	01.1991-12.2020	7.0	5.6	5.9	5.2	7.5	7.4	8.0	8.2	5.8	6.5	6.9	7.5	81.5
Sissach	374	2627500 / 1257130	01.1991-12.2020	10.5	9.0	9.9	10.2	12.5	11.0	10.6	10.8	8.6	10.5	10.3	12.5	126.4
Soglio	1086	2761393 / 1134473	01.1991-12.2020	5.4	5.1	6.3	9.0	11.8	11.7	11.3	11.5	8.7	9.8	9.4	6.3	106.3
Sonogno	910	2703884 / 1134026	01.1991-12.2020	6.4	6.0	7.2	9.9	13.0	11.9	10.3	11.5	9.0	10.5	10.1	7.8	113.6
Splügen	1460	2744420 / 1157434	01.1991-12.2020	8.3	7.2	7.5	10.0	12.4	12.6	12.8	12.9	9.5	10.2	10.6	8.8	122.8
St. Antönien	1456	2781634 / 1205103	01.1991-12.2020	10.6	10.0	12.0	11.0	13.8	14.5	14.2	14.3	11.8	10.0	10.8	11.7	144.7
St. Gallen	776	2747865 / 1254587	01.1991-12.2020	10.6	9.4	12.0	11.3	13.5	13.8	13.4	12.8	11.6	10.5	10.5	11.6	141.0
St. Peterzell	700	2731250 / 1242139	01.1991-12.2020	11.8	11.1	13.0	11.6	14.0	14.6	13.8	13.5	11.5	10.8	11.2	13.6	150.5
St. Urban	488	2630369 / 1229411	01.1991-12.2020	10.9	9.7	10.5	10.8	12.3	11.3	11.2	11.4	9.4	10.5	10.7	12.2	130.9
Sta. Maria, Val Müstair	1386	2828862 / 1165579	01.1991-12.2020	4.8	5.1	5.5	7.0	9.2	10.8	11.6	11.0	8.1	8.5	7.9	6.1	95.6
Stabio	351	2716048 / 1077971	01.1991-12.2020	5.5	5.4	6.4	10.1	10.9	9.7	7.4	8.5	8.1	8.8	9.6	6.2	96.6
Stalden / Ackersand	701	2633608 / 1121114	01.1991-12.2020	5.8	4.4	4.9	5.2	7.5	8.0	7.3	7.8	5.2	6.0	6.3	6.8	75.2
Stallikon	754	2680334 / 1239849	01.1991-12.2020	11.1	10.0	11.2	11.0	13.0	12.8	12.2	12.4	10.3	10.6	10.8	12.7	138.1
Stans	439	2669015 / 1202411	01.1991-12.2020	10.0	9.2	10.9	10.9	13.0	14.1	13.4	13.1	10.3	10.0	10.1	10.9	135.9
Starkenbach	897	2737313 / 1227575	01.1991-12.2020	12.5	11.3	13.9	12.2	14.4	14.8	15.1	14.5	11.9	10.6	11.7	13.6	156.5
Steckborn	399	2715170 / 1280179	01.1991-12.2020	10.2	9.0	9.7	9.6	11.2	10.9	11.3	10.5	9.0	10.0	9.7	11.6	122.7
Stiegelschwand	1456	2607170 / 1148545	01.1991-12.2020	11.1	10.8	11.5	12.0	14.9	14.8	14.4	14.2	10.9	10.6	10.7	12.4	148.3
Stöckalp	1070	2664320 / 1183549	01.1991-12.2020	12.3	10.9	12.5	12.0	14.5	15.5	15.3	14.5	11.6	10.9	11.3	13.0	154.3
Susch	1416	2802002 / 1181593	01.1991-12.2020	6.4	5.4	6.1	6.7	9.2	11.4	11.7	12.4	8.2	7.8	7.8	7.5	100.6
Säntis	2501	2744188 / 1234920	01.1991-12.2020	12.7	12.3	14.4	12.8	15.1	16.1	16.5	15.8	13.4	11.6	12.3	14.9	167.9
Tafers	654	2583019 / 1185350	01.1991-12.2020	10.1	9.5	10.1	10.6	13.0	11.8	11.0	11.0	9.2	10.4	10.6	11.2	128.5
Tamins	668	2750155 / 1188621	01.1991-12.2020	9.4	7.9	9.2	8.8	11.2	11.8	12.1	12.3	9.2	8.9	9.7	9.8	120.3
Tavanasa	800	2722750 / 1178979	01.1991-12.2020	9.5	8.0	9.0	8.6	11.0	12.1	12.0	13.3	9.8	9.6	10.4	10.5	123.8
Teufen, AR	834	2747784 / 1250408	01.1991-12.2020	11.7	10.3	12.0	11.5	13.6	14.5	13.6	13.2	11.8	10.7	10.9	13.1	146.9
Thun	570	2611200 / 1177640	01.1991-12.2020	8.3	7.8	8.5	9.1	12.3	12.6	11.9	11.6	9.0	9.1	8.8	9.6	118.6
Thusis	672	2753155 / 1175088	01.1991-12.2020	6.9	5.9	6.3	6.5	8.8	10.5	10.2	10.8	7.8	7.5	7.8	7.5	96.5
Tiefencastel	897	2763442 / 1170267	01.1991-12.2020	7.4	5.3	6.0	6.4	9.5	10.3	10.8	11.6	8.5	7.3	8.0	7.7	98.8
Torricella / Crana	1002	2712695 / 1103744	01.1991-12.2020	5.9	5.5	7.1	10.8	13.0	11.2	9.4	10.6	9.0	10.4	9.9	7.0	109.8
Tour de Gourze	915	2546452 / 1151241	01.1991-12.2020	11.2	9.9	10.3	9.9	12.2	11.2	10.2	10.3	9.4	11.0	11.0	11.9	128.5
Trogen	975	2752170 / 1251769	01.1991-12.2020	11.7	10.6	12.9	11.3	13.8	14.5	13.7	13.3	11.7	10.9	11.1	13.3	148.8
Trun	834	2719985 / 1178223	01.1991-12.2020	8.9	8.0	9.2	8.1	10.9	11.6	11.8	13.0	9.9	9.0	9.9	9.6	119.9
Tschiertschen	1273	2765538 / 1187678	01.1991-12.2020	9.2	8.6	9.0	9.0	11.9	12.3	12.5	12.5	10.2	8.6	9.7	9.8	123.3
Ulrichen	1346	2666747 / 1150766	01.1991-12.2020	9.6	9.0	9.0	8.9	11.3	10.9	11.0	11.3	9.0	9.2	10.6	10.2	120.0
Unterkulm	454	2650838 / 1241212	01.1991-12.2020	10.7	10.1	10.6	10.4	12.2	11.7	11.4	11.3	9.1	10.5	10.1	12.6	130.7
Unterschächen	1470	2701900 / 1191999	01.1991-12.2020	11.2	10.6	12.5	11.8	14.4	15.5	15.7	15.3	12.0	10.0	10.7	12.4	152.1
Urnerboden	1395	2712650 / 1195249	01.1991-12.2020	12.0	11.2	12.8	12.7	14.6	16.6	16.2	16.2	12.4	11.0	11.5	12.5	159.7
Urnäsch	825	2739206 / 1241761	01.1991-12.2020	12.3	11.3	13.4	11.9	14.5	14.9	14.0	13.5	11.7	10.8	11.3	14.0	153.6
Uster	438	2694760 / 1245190	01.1991-12.2020	9.9	9.4	11.0	10.7	12.7	12.4	12.1	11.7	9.6	10.1	10.0	12.2	131.8
Vaduz	457	2757723 / 1221699	01.1991-12.2020	7.6	6.9	9.2	9.2	12.0	13.1	13.5	13.6	10.3	8.7	8.9	8.9	121.9
Valeyres-sous-Rances	510	2530240 / 1178344	01.1991-12.2020	10.4	8.9	9.0	8.8	11.4	9.8	9.5	10.0	8.5	10.3	10.0	10.7	117.3
Vallorbe	748	2519399 / 1174060	01.1991-12.2020	12.0	10.9	10.7	10.9	13.1	11.3	11.0	10.3	9.8	11.5	11.3	12.8	135.6
Vals	1242	2734017 / 1165551	01.1991-12.2020	8.6	7.5	8.0	9.2	11.8	12.8	12.5	12.9	8.9	9.0	9.8	8.8	119.8
Vella	1245	2732650 / 1175669	01.1991-12.2020	8.4	7.6	8.2	7.9	10.5	11.6	11.6	12.3	8.7	8.5	9.3	8.2	112.8
Vevey / Corseaux	405	2552105 / 1146847	01.1991-12.2020	10.2	8.9	9.3	9.6	11.9	10.4	10.4	10.7	9.2	10.6	10.5	11.0	122.7
Vicosoprano	1089	2768486 / 1135865	01.1991-12.2020	6.2	5.6	6.8	8.9	11.9	11.7	11.0	11.7	9.0	9.9	9.6	7.3	109.6
Villars-Tiercelin	859	2544197 / 1163651	01.1991-12.2020	10.8	10.1	10.5	9.4	12.0	10.7	10.2	10.4	9.2	11.0	11.0	11.8	127.1
Vira, Gambarogno	225	2709402 / 1111548	01.1991-12.2020	5.3	4.7	6.5	9.7	11.9	10.5	9.0	9.9	8.9	9.2	9.4	6.3	101.3
Visp	639	2631150 / 1128024	01.1991-12.2020	6.9	5.2	5.8	5.4	7.4	7.4	7.1	7.7	5.9	6.7	7.4	7.5	80.4
Vrin	1384	2727424 / 1168525	01.1991-12.2020	8.1	7.1	8.2	8.6	11.5	12.9	13.5	13.4	9.5	9.1	9.0	8.3	119.2
Vättis	939	2752732 / 1197281	01.1991-12.2020	9.7	8.5	9.8	9.4	12.2	13.2	13.8	13.3	10.2	8.8	9.7	9.8	128.4
Wahlendorf	760	2592250 / 1205940	01.1991-12.2020	10.8	10.0	10.2	9.8	12.2	11.1	11.1	11.1	9.1	10.6	10.9	12.1	129.0
Wald / Tanne	1075	2757025 / 1254229	01.1991-12.2020	10.6	9.5	11.5	10.8	13.0	13.9	13.3	13.1	11.4	10.1	10.7	11.9	139.8
Waldegg	545	2676761 / 1246210	01.1991-12.2020	10.7	9.5	10.5	10.5	12.2	11.9	11.8	11.7	9.4	10.1	10.2	11.9	130.4
Wangen b. Olten	437	2633272 / 1242768	01.1991-12.2020	10.5	9.5	10.0	9.9	11.3	10.3	10.8	10.6	8.8	10.4	10.4	12.5	125.0
Wasen im Emmental	768	2627861 / 1210554	01.1991-12.2020	11.0	10.6	11.2	11.5	13.8	12.6	12.0	11.7	10.2	11.4	11.3	12.6	139.9
Weesen	425	2724983 / 1221382	01.1991-12.2020	11.4	10.3	12.1	11.4	13.7	14.7	14.4	13.6	11.4	10.0	10.5	12.6	146.1
Weinfelden	477	2726403 / 1269982	01.1991-12.2020	10.1	9.0	10.1	10.1	11.6	12.1	12.1	11.4	10.0	10.0	10.2	12.1	128.8
Weissfluhjoch	2691	2780615 / 1189634	01.1991-12.2020	10.9	10.3	12.6	12.2	14.5	15.5	15.2	14.8	12.2	10.2	11.3	11.8	151.5
Weisstannen	1010	2744900 / 1205819	01.1991-12.2020	10.9	9.5	11.6	11.5	13.8	15.0	15.0	15.4	11.3	10.4	10.8	11.3	146.5
Wil, ZH	406	2680341 / 1273224	01.1991-12.2020	11.1	10.0	10.3	10.0	11.6	11.5	11.2	10.8	8.9	10.9	10.8	12.7	129.8
Wilchingen	413	2676253 / 1280055	01.1991-12.2020	10.9	9.3	9.9	9.4	11.0	10.8	11.3	10.7	8.6	10.8	10.3	12.3	125.3
Wildhaus	998	2746129 / 1229567	01.1991-12.2020	11.9	10.5	13.0	11.4	14.7	15.4	14.9	14.5	12.0	10.3	10.9	13.5	153.0
Wimmis	648	2617298 / 1168863	01.1991-12.2020	9.9	9.7	10.3	10.8	13.9	13.7	13.5	12.6	9.8	10.0	9.9	10.9	135.0
Winterthur / Seen	506	2699845 / 1259053	01.1991-12.2020	11.3	10.3	10.9	10.8	11.9	11.9	12.0	11.9	10.0	10.4	10.6	13.0	135.0
Wittnau	463	2639941 / 1258983	01.1991-12.2020	11.2	9.9	10.7	10.7	12.1	11.1	11.0	11.3	9.1	11.2	11.0	13.2	132.5
Witzwil	433	2570636 / 1205385	01.1991-12.2020	10.1	9.0	9.3	9.1	11.1	10.5	10.3	10.2	8.8	10.5	10.5	11.2	120.6
Wynau	422	2626405 / 1233849	01.1991-12.2020	10.2	9.3	9.8	9.8	12.2	10.9	11.1	11.3	9.2	10.5	10.5	11.6	126.4
Wädenswil	485	2693847 / 1230744	01.1991-12.2020	10.4	9.7	11.3	10.6	13.0	13.3	12.9	12.3	10.5	10.2	10.1	11.7	136.0
Würenlingen / PSI	334	2659356 / 1265380	01.1991-12.2020	10.9	9.6	10.5	9.3	12.0	11.0	11.1	10.7	8.9	10.6	10.7	12.4	127.7
Yverdon-les-Bains	432	2539851 / 1181493	01.1991-12.2020	9.7	8.7	8.3	8.5	10.6	9.8	9.9	9.9	8.3	10.1	9.9	10.6	114.3
Zermatt	1638	2624297 / 1097574	01.1991-12.2020	6.3	5.5	5.3	6.3	9.5	9.7	9.0	9.8	7.3	7.0	7.1	6.9	89.7
Zernez	1465	2802572 / 1175429	01.1991-12.2020	6.5	5.4	5.5	5.8	8.8	10.5	10.9	11.1	7.6	7.0	7.5	7.3	93.9
Zervreila	1738	2728780 / 1159992	01.1991-12.2020	9.6	8.3	9.0	10.8	12.9	14.0	14.0	14.0	10.4	9.7	10.9	9.6	133.2
Zofingen	432	2638189 / 1236711	01.1991-12.2020	10.7	10.1	10.5	10.7	12.0	11.2	11.8	11.3	9.4	10.8	11.1	13.0	132.6
Zugerberg	880	2683303 / 1223008	01.1991-12.2020	10.2	9.1	10.5	11.6	14.0	13.6	13.3	13.1	11.0	10.6	10.1	11.2	138.3
Zweisimmen	936	2595880 / 1155471	01.1991-12.2020	10.2	9.2	10.2	10.4	13.5	13.6	13.4	12.9	10.0	9.9	9.8	10.9	134.0
Zwillikon	461	2675138 / 1238164	01.1991-12.2020	9.9	9.3	10.3	10.7	12.8	12.3	12.1	12.1	9.6	10.0	9.6	11.1	129.8
Zürich / Affoltern	444	2681433 / 1253547	01.1991-12.2020	9.8	8.6	10.1	10.0	11.9	11.5	11.3	11.2	9.3	10.4	9.9	11.2	125.2
Zürich / Fluntern	556	2685117 / 1248065	01.1991-12.2020	10.1	9.0	10.5	10.8	12.4	12.1	12.2	11.8	9.9	10.1	10.0	11.5	130.4
Zürich / Kloten	426	2682711 / 1259338	01.1991-12.2020	9.8	8.8	9.6	9.7	11.5	11.1	11.2	11.4	9.0	10.2	9.9	10.9	123.1

