Federal Department of Home Affairs FDHA
Federal Office of Meteorology and Climatology
MeteoSwiss

Creation date: 25.01.2024 / As at: cf. creation date

Monthly values Mean maximum temperature 2m / degree Celsius / Normals 1991-2020

Station	Altitude [m asl]	CH coordinates	Reference period	Jan	Feb	Mar	Apr	May	Jun	Jul	Aug	Sep	Oct	Nov	Dec	Year
Aadorf / Tänikon	539	2710518 / 1259824	01.1991-12.2020	3.3	4.9	9.9	14.4	18.7	22.2	24.2	23.8	19.0	13.6	7.4	3.9	13.8
Acquarossa / Comprovasco	575	2714985 / 1146450	01.1991-12.2020	5.8	7.7	12.5	15.8	19.5	23.6	25.8	25.0	20.3	15.1	9.8	6.3	15.6
Adelboden	1321	2609371 / 1148939	01.1991-12.2020	2.8	3.3	6.7	10.3	14.3	17.9	19.8	19.4	15.6	12.1	6.6	3.7	11.0
Aigle	381	2560403 / 1130713	01.1991-12.2020	5.2	6.7	11.4	15.5	19.4	23.1	25.3	24.7	20.2	15.4	9.6	5.8	15.2
Altdorf	438	2690180 / 1193563	01.1991-12.2020	5.0	6.4	10.8	15.0	19.3	22.4	24.1	23.6	19.4	14.9	9.1	5.4	14.6
Arosa	1878	2771030 / 1184830	01.1991-12.2020	-0.5	-0.4	2.1	5.1	9.7	13.7	15.7	15.7	11.7	8.6	3.4	0.2	7.1
Bad Ragaz	497	2756911 / 1209350	01.1991-12.2020	4.5	6.2	11.3	15.7	19.8	22.9	24.6	24.1	19.7	15.5	9.5	5.2	14.9
Basel / Binningen	316	2610908 / 1265611	01.1991-12.2020	5.1	7.1	11.8	16.2	20.0	23.7	25.8	25.3	20.7	15.4	9.2	5.7	15.5
Bern / Zollikofen	553	2601934 / 1204409	01.1991-12.2020	3.4	5.2	10.3	14.5	18.6	22.5	24.6	24.2	19.4	14.0	7.7	3.8	14.0
Blatten, Lötschental	1538	2629563 / 1141083	01.1991-12.2020	0.1	1.8	5.3	8.8	13.9	18.1	20.4	19.8	15.8	11.5	4.8	0.4	10.1
Buchs / Aarau	387	2648396 / 1248369	01.1991-12.2020	3.9	5.9	11.1	15.6	19.6	23.5	25.6	25.0	20.2	14.5	8.0	4.3	14.8
Buffalora	1971	2816494 / 1170254	01.1991-12.2020	-1.9	-0.4	2.8	6.1	11.0	15.5	17.8	17.5	13.1	8.8	2.5	-1.7	7.6
Bullet / La Frétaz	1205	2534225 / 1188081	01.1991-12.2020	1.8	2.0	5.2	8.9	12.9	16.7	18.9	18.5	14.3	10.4	5.5	2.7	9.8
Chasseral	1594	2570845 / 1220157	01.1991-12.2020	0.3	-0.1	2.3	5.8	10.1	13.7	15.8	15.6	11.7	8.4	3.7	1.2	7.4
Chaumont	1136	2565060 / 1211006	01.1991-12.2020	1.6	2.1	5.5	9.4	13.6	17.5	19.6	19.1	14.6	10.6	5.6	2.5	10.1
Chur	557	2759488 / 1193181	01.1991-12.2020	5.2	7.0	11.9	16.1	20.3	23.6	25.3	24.8	20.3	16.1	10.2	5.7	15.5
Château-d'Oex	1028	2577040 / 1147654	01.1991-12.2020	2.5	4.1	8.5	12.4	16.4	20.1	22.2	21.9	17.5	13.2	7.1	3.2	12.4
Cimetta	1661	2704433 / 1117457	01.1991-12.2020	1.5	1.5	4.2	7.5	12.3	16.0	18.3	18.1	13.9	9.8	4.9	2.2	9.2
Col du Grand St-Bernard	2472	2579191 / 1079754	01.1991-12.2020	-4.3	-4.7	-2.7	-0.2	4.2	9.1	11.8	11.8	7.6	3.7	-1.3	-3.5	2.6
Davos	1594	2783519 / 1187458	01.1991-12.2020	0.0	1.2	4.6	8.3	12.8	16.5	18.5	18.2	14.2	10.8	4.8	0.6	9.2
Delémont	439	2593269 / 1244543	01.1991-12.2020	4.5	6.7	11.2	15.1	19.0	22.8	24.9	24.6	20.0	15.2	8.8	5.1	14.8
Disentis	1197	2708190 / 1173793	01.1991-12.2020	2.6	3.5	7.6	11.4	15.7	19.9	21.7	21.1	16.8	12.8	6.8	3.2	11.9
Ebnat-Kappel	623	2726347 / 1237176	01.1991-12.2020	3.1	4.6	9.2	13.8	17.9	21.4	23.3	23.0	18.4	13.7	7.7	3.8	13.3
Einsiedeln	911	2699983 / 1221068	01.1991-12.2020	2.3	3.3	7.1	11.2	15.4	19.0	21.0	20.6	16.1	12.2	6.8	3.1	11.5
Elm	958	2732265 / 1198424	01.1991-12.2020	1.9	3.0	7.5	12.0	16.4	19.5	21.0	20.4	16.5	12.8	6.6	2.5	11.7
Engelberg	1036	2674161 / 1186069	01.1991-12.2020	2.0	3.0	7.3	11.7	16.0	19.3	21.0	20.6	16.3	12.2	6.4	2.8	11.6
Evolène / Villa	1825	2605411 / 1106748	01.1991-12.2020	0.7	0.9	4.4	8.0	11.8	15.7	18.0	17.5	13.7	10.1	4.7	1.8	8.9
Fahy	596	2562464 / 1252675	01.1991-12.2020	4.0	5.2	9.4	13.5	17.3	21.0	23.5	23.1	18.4	13.7	8.1	4.9	13.5
Fribourg / Grangeneuve	651	2575183 / 1180076	01.1991-12.2020	3.5	5.2	9.8	13.7	18.0	21.7	24.0	23.6	18.9	13.7	7.6	4.0	13.6
Genève / Cointrin	411	2498904 / 1122631	01.1991-12.2020	5.1	7.0	11.8	15.9	20.1	24.2	26.7	26.2	21.1	15.5	9.3	5.6	15.7
Glarus	517	2723756 / 1210567	01.1991-12.2020	3.2	4.8	9.9	14.8	19.0	22.2	23.8	23.2	18.6	14.1	8.1	3.9	13.8
Grimsel Hospiz	1980	2668583 / 1158214	01.1991-12.2020	-1.8	-2.0	0.3	3.0	7.3	11.4	13.2	13.3	9.7	6.8	1.7	-0.9	5.2
Grono	324	2733017 / 1124089	01.1991-12.2020	6.0	8.8	14.0	17.6	21.2	25.2	27.5	26.8	22.0	16.7	10.6	6.1	16.9
Grächen	1605	2630738 / 1116062	01.1991-12.2020	0.9	1.5	5.4	9.3	14.0	18.3	20.4	19.8	15.5	10.8	4.7	1.4	10.2
Gütsch, Andermatt	2286	2690087 / 1167480	01.1991-12.2020	-3.0	-3.5	-1.5	0.9	5.4	10.5	12.9	13.1	9.3	5.9	0.4	-2.2	4.0
Güttingen	440	2738422 / 1273962	01.1991-12.2020	3.4	5.0	10.1	14.7	19.1	22.6	24.5	24.1	19.2	13.7	7.6	4.0	14.0
Hallau	419	2677456 / 1283471	01.1991-12.2020	3.1	5.3	10.5	15.1	19.1	22.7	24.9	24.5	19.8	14.1	7.5	3.6	14.2
Hörnli	1133	2713517 / 1247756	01.1991-12.2020	1.9	2.0	5.7	10.0	14.3	17.8	19.7	19.4	14.8	10.9	5.9	2.9	10.4
Interlaken	577	2633023 / 1169091	01.1991-12.2020	3.2	5.4	10.5	14.7	18.7	22.4	24.3	23.7	19.2	14.1	7.8	3.7	14.0
Jungfraujoch	3571	2641938 / 1155287	01.1991-12.2020	-9.5	-10.2	-8.6	-6.3	-2.1	1.7	3.4	3.5	0.5	-2.2	-6.5	-8.7	-3.8
Koppigen	485	2612663 / 1218664	01.1991-12.2020	3.1	5.2	10.5	14.9	18.9	22.9	25.1	24.6	19.7	14.1	7.5	3.5	14.2
La Brévine	1050	2536981 / 1203974	01.1991-12.2020	1.4	2.4	6.3	10.7	14.8	18.8	20.8	20.6	16.3	12.5	6.4	2.5	11.1
La Chaux-de-Fonds	1017	2550919 / 1214861	01.1991-12.2020	3.0	3.6	7.1	11.0	15.0	18.9	20.8	20.7	16.6	12.8	7.2	3.8	11.7
La Dôle	1670	2497059 / 1142372	01.1991-12.2020	0.2	-0.1	2.4	5.9	10.2	14.0	16.2	16.2	12.2	8.7	3.7	1.1	7.6
Langnau i.E.	744	2628004 / 1198793	01.1991-12.2020	3.0	4.6	9.0	12.9	17.2	21.0	23.0	22.6	18.2	13.5	7.2	3.5	13.0
Le Moléson	1974	2567718 / 1155076	01.1991-12.2020	-0.3	-0.5	1.6	4.4	8.5	12.3	14.5	14.5	11.0	8.1	3.3	0.9	6.5
Locarno / Monti	367	2704166 / 1114315	01.1991-12.2020	7.3	9.4	14.0	17.5	21.1	25.1	27.5	26.9	22.1	16.7	11.2	7.6	17.2
Lugano	273	2717874 / 1095882	01.1991-12.2020	7.1	9.0	13.5	16.7	20.8	24.9	27.3	26.8	22.1	16.9	11.6	7.7	17.0
Luzern	454	2665544 / 1209849	01.1991-12.2020	4.0	5.8	10.9	15.3	19.4	22.9	24.9	24.3	19.6	14.3	8.2	4.5	14.5
Lägern	845	2672251 / 1259459	01.1991-12.2020	1.4	2.4	6.8	11.2	15.2	18.7	20.7	20.4	15.8	11.0	5.6	2.3	11.0
Magadino / Cadenazzo	203	2715479 / 1113160	01.1991-12.2020	6.7	9.3	14.3	17.9	21.8	25.8	28.0	27.3	22.6	17.0	11.2	6.9	17.4
Meiringen	589	2655844 / 1175929	01.1991-12.2020	2.3	4.7	10.3	14.7	18.7	21.9	23.6	23.0	18.8	14.0	7.6	2.5	13.5
Montana	1423	2601708 / 1127488	01.1991-12.2020	1.8	2.4	6.3	10.2	14.5	18.5	20.8	20.3	16.0	11.7	5.9	2.6	10.9
Napf	1404	2638137 / 1206079	01.1991-12.2020	1.3	1.0	3.8	7.7	12.1	15.9	18.0	17.6	13.1	9.7	4.8	2.2	8.9
Neuchâtel	485	2563086 / 1205559	01.1991-12.2020	3.9	5.6	10.6	15.0	18.9	22.9	25.3	24.7	19.8	14.1	8.1	4.6	14.5
Nyon / Changins	458	2506877 / 1139573	01.1991-12.2020	4.5	6.1	10.9	15.0	19.2	23.2	25.6	25.1	20.2	14.7	8.7	5.1	14.9
Passo del Bernina	2260	2798423 / 1143019	01.1991-12.2020	-3.5	-3.5	-0.8	2.2	7.3	11.9	14.4	13.7	9.5	5.6	0.3	-2.5	4.6
Payerne	490	2562130 / 1184611	01.1991-12.2020	3.7	5.6	10.8	15.0	19.2	23.0	25.5	25.0	20.0	14.3	7.9	4.2	14.5
Pilatus	2105	2661904 / 1203410	01.1991-12.2020	-0.8	-1.2	0.6	3.2	7.1	10.5	12.6	12.8	9.6	7.3	2.7	0.1	5.4
Piotta	990	2695880 / 1152264	01.1991-12.2020	2.4	4.6	9.1	12.9	17.0	21.4	23.5	22.7	18.0	13.0	6.7	2.7	12.8
Piz Corvatsch	3294	2783155 / 1143524	01.1991-12.2020	-8.5	-9.2	-7.7	-5.3	-1.3	2.6	5.3	5.4	1.6	-1.1	-5.3	-7.7	-2.6
Plaffeien	1042	2586828 / 1177406	01.1991-12.2020	2.4	3.0	6.8	10.6	14.7	18.5	20.6	20.2	15.6	11.4	6.2	3.5	11.1
Poschiavo / Robbia	1078	2801993 / 1136248	01.1991-12.2020	3.8	5.0	9.3	13.1	17.1	21.1	22.9	22.5	17.7	13.1	8.1	4.6	13.2
Pully	456	2540819 / 1151510	01.1991-12.2020	4.7	5.9	10.5	14.6	18.9	22.8	25.0	24.5	19.8	14.6	8.9	5.4	14.6
Robièi	1898	2682587 / 1144090	01.1991-12.2020	-0.5	-0.5	1.8	4.2	8.1	12.9	15.3	15.0	11.1	7.2	2.5	0.2	6.4
Rünenberg	611	2633252 / 1253846	01.1991-12.2020	3.5	4.9	9.4	13.6	17.5	21.1	23.3	22.9	18.3	13.4	7.6	4.4	13.3
S. Bernardino	1639	2734116 / 1147293	01.1991-12.2020	0.7	1.0	3.7	6.8	11.5	15.9	18.2	17.8	13.4	9.2	4.1	1.3	8.6
Salen-Reutenen	719	2719100 / 1279046	01.1991-12.2020	1.6	3.2	7.9	12.4	16.6	20.3	22.0	21.6	17.0	11.9	5.9	2.5	11.9
Samedan	1709	2787250 / 1155684	01.1991-12.2020	-1.3	0.5	4.0	7.9	12.9	17.0	19.3	18.8	14.6	10.5	4.1	-0.7	9.0
Schaffhausen	438	2688703 / 1282803	01.1991-12.2020	3.3	5.4	10.7	15.4	19.5	23.1	25.1	24.6	19.7	14.0	7.5	3.8	14.3
Scuol	1304	2817138 / 1186393	01.1991-12.2020	0.0	2.9	8.7	13.0	17.1	21.1	23.1	22.6	18.1	13.2	5.8	0.3	12.2
Segl-Maria	1804	2778576 / 1144976	01.1991-12.2020	-1.3	-0.2	2.7	5.7	11.0	15.3	17.6	17.0	12.7	8.8	3.4	-0.3	7.7
Sion	482	2591632 / 1118583	01.1991-12.2020	5.0	7.6	13.5	17.6	21.5	25.4	27.4	26.6	22.1	16.9	10.1	5.1	16.6
St. Gallen	776	2747865 / 1254587	01.1991-12.2020	2.9	3.8	7.9	12.2	16.5	19.9	21.7	21.3	16.8	12.4	7.0	3.9	12.2
Sta. Maria, Val Müstair	1386	2828862 / 1165579	01.1991-12.2020	0.5	2.4	6.6	10.7	15.2	19.5	21.2	20.5	15.9	11.0	5.0	1.1	10.8
Stabio	351	2716048 / 1077971	01.1991-12.2020	7.5	9.5	14.1	17.4	21.5	25.7	28.0	27.4	22.5	17.1	11.7	7.7	17.5
Säntis	2501	2744188 / 1234920	01.1991-12.2020	-4.1	-4.8	-3.3	-1.0	3.2	6.9	9.2	9.6	6.2	3.7	-0.7	-3.2	1.8
Ulrichen	1346	2666747 / 1150766	01.1991-12.2020	-0.8	1.7	5.9	9.9	14.9	19.4	21.8	21.3	17.3	12.6	5.1	-0.3	10.7
Vaduz	457	2757723 / 1221699	01.1991-12.2020	5.0	6.8	11.8	16.0	20.1	23.2	24.9	24.3	20.0	15.7	9.5	5.5	15.2
Visp	639	2631150 / 1128024	01.1991-12.2020	3.2	6.7	13.1	17.0	21.3	25.1	27.1	26.3	21.8	16.3	8.7	3.3	15.8
Weissfluhjoch	2691	2780615 / 1189634	01.1991-12.2020	-5.3	-5.9	-4.1	-1.5	2.7	7.3	10.2	10.6	6.5	3.4	-1.7	-4.3	1.5
Wynau	422	2626405 / 1233849	01.1991-12.2020	3.4	5.5	10.8	15.3	19.5	23.3	25.2	24.8	20.0	14.2	7.7	3.8	14.5
Wädenswil	485	2693847 / 1230744	01.1991-12.2020	3.5	5.2	10.2	14.8	19.0	22.6	24.5	23.9	19.1	13.9	7.9	4.2	14.1
Zermatt	1638	2624297 / 1097574	01.1991-12.2020	0.8	1.7	5.7	9.8	13.9	17.8	20.0	19.6	15.4	11.2	5.1	1.5	10.2
Zürich / Affoltern	444	2681433 / 1253547	01.1991-12.2020	3.8	5.7	10.8	15.3	19.4	23.1	25.1	24.7	19.8	14.3	8.0	4.3	14.5
Zürich / Fluntern	556	2685117 / 1248065	01.1991-12.2020	3.5	5.2	10.2	14.8	18.8	22.4	24.3	23.9	19.1	13.8	7.6	4.0	14.0
Zürich / Kloten	426	2682711 / 1259338	01.1991-12.2020	3.8	5.7	10.9	15.5	19.5	23.2	25.2	24.8	19.9	14.3	8.0	4.3	14.6

