Federal Department of Home Affairs FDHA
Federal Office of Meteorology and Climatology
MeteoSwiss

Creation date: 25.01.2024 / As at: cf. creation date

Monthly values Hot days (maximum 30 degrees C or higher) / number / Normals 1991-2020

Station	Altitude [m asl]	CH coordinates	Reference period	Jan	Feb	Mar	Apr	May	Jun	Jul	Aug	Sep	Oct	Nov	Dec	Year
Aadorf / Tänikon	539	2710518 / 1259824	01.1991-12.2020	0.0	0.0	0.0	0.0	0.1	1.4	3.1	2.8	0.0	0.0	0.0	0.0	7.4
Acquarossa / Comprovasco	575	2714985 / 1146450	01.1991-12.2020	0.0	0.0	0.0	0.0	0.1	1.7	3.0	2.5	0.1	0.0	0.0	0.0	7.4
Adelboden	1321	2609371 / 1148939	01.1991-12.2020	0.0	0.0	0.0	0.0	0.0	0.1	0.1	0.0	0.0	0.0	0.0	0.0	0.2
Aigle	381	2560403 / 1130713	01.1991-12.2020	0.0	0.0	0.0	0.0	0.1	0.9	2.7	1.8	0.0	0.0	0.0	0.0	5.5
Altdorf	438	2690180 / 1193563	01.1991-12.2020	0.0	0.0	0.0	0.0	0.0	1.5	2.4	1.7	0.0	0.0	0.0	0.0	5.6
Arosa	1878	2771030 / 1184830	01.1991-12.2020	0.0	0.0	0.0	0.0	0.0	0.0	0.0	0.0	0.0	0.0	0.0	0.0	0.0
Bad Ragaz	497	2756911 / 1209350	01.1991-12.2020	0.0	0.0	0.0	0.0	0.5	2.5	3.8	2.8	0.1	0.0	0.0	0.0	9.7
Basel / Binningen	316	2610908 / 1265611	01.1991-12.2020	0.0	0.0	0.0	0.0	0.4	3.3	5.3	5.0	0.3	0.0	0.0	0.0	14.3
Bern / Zollikofen	553	2601934 / 1204409	01.1991-12.2020	0.0	0.0	0.0	0.0	0.1	1.6	3.9	3.4	0.0	0.0	0.0	0.0	9.0
Blatten, Lötschental	1538	2629563 / 1141083	01.1991-12.2020	0.0	0.0	0.0	0.0	0.0	0.0	0.0	0.0	0.0	0.0	0.0	0.0	0.0
Buchs / Aarau	387	2648396 / 1248369	01.1991-12.2020	0.0	0.0	0.0	0.0	0.3	3.2	5.5	4.9	0.1	0.0	0.0	0.0	14.0
Buffalora	1971	2816494 / 1170254	01.1991-12.2020	0.0	0.0	0.0	0.0	0.0	0.0	0.0	0.0	0.0	0.0	0.0	0.0	0.0
Bullet / La Frétaz	1205	2534225 / 1188081	01.1991-12.2020	0.0	0.0	0.0	0.0	0.0	0.0	0.0	0.0	0.0	0.0	0.0	0.0	0.0
Chasseral	1594	2570845 / 1220157	01.1991-12.2020	0.0	0.0	0.0	0.0	0.0	0.0	0.0	0.0	0.0	0.0	0.0	0.0	0.0
Chaumont	1136	2565060 / 1211006	01.1991-12.2020	0.0	0.0	0.0	0.0	0.0	0.0	0.1	0.0	0.0	0.0	0.0	0.0	0.1
Chur	557	2759488 / 1193181	01.1991-12.2020	0.0	0.0	0.0	0.0	0.6	3.7	5.7	4.5	0.2	0.0	0.0	0.0	14.7
Château-d'Oex	1028	2577040 / 1147654	01.1991-12.2020	0.0	0.0	0.0	0.0	0.0	0.4	0.6	0.9	0.0	0.0	0.0	0.0	1.9
Cimetta	1661	2704433 / 1117457	01.1991-12.2020	0.0	0.0	0.0	0.0	0.0	0.0	0.0	0.0	0.0	0.0	0.0	0.0	0.0
Col du Grand St-Bernard	2472	2579191 / 1079754	01.1991-12.2020	0.0	0.0	0.0	0.0	0.0	0.0	0.0	0.0	0.0	0.0	0.0	0.0	0.0
Davos	1594	2783519 / 1187458	01.1991-12.2020	0.0	0.0	0.0	0.0	0.0	0.0	0.0	0.0	0.0	0.0	0.0	0.0	0.0
Delémont	439	2593269 / 1244543	01.1991-12.2020	0.0	0.0	0.0	0.0	0.3	2.4	4.1	4.3	0.2	0.0	0.0	0.0	11.3
Disentis	1197	2708190 / 1173793	01.1991-12.2020	0.0	0.0	0.0	0.0	0.0	0.4	0.6	0.6	0.0	0.0	0.0	0.0	1.6
Ebnat-Kappel	623	2726347 / 1237176	01.1991-12.2020	0.0	0.0	0.0	0.0	0.1	1.2	1.9	1.9	0.0	0.0	0.0	0.0	5.1
Einsiedeln	911	2699983 / 1221068	01.1991-12.2020	0.0	0.0	0.0	0.0	0.0	0.2	0.3	0.2	0.0	0.0	0.0	0.0	0.7
Elm	958	2732265 / 1198424	01.1991-12.2020	0.0	0.0	0.0	0.0	0.0	0.2	0.3	0.3	0.0	0.0	0.0	0.0	0.8
Engelberg	1036	2674161 / 1186069	01.1991-12.2020	0.0	0.0	0.0	0.0	0.0	0.3	0.3	0.4	0.0	0.0	0.0	0.0	1.0
Evolène / Villa	1825	2605411 / 1106748	01.1991-12.2020	0.0	0.0	0.0	0.0	0.0	0.0	0.0	0.0	0.0	0.0	0.0	0.0	0.0
Fahy	596	2562464 / 1252675	01.1991-12.2020	0.0	0.0	0.0	0.0	0.0	0.8	2.4	2.5	0.0	0.0	0.0	0.0	5.7
Fribourg / Grangeneuve	651	2575183 / 1180076	01.1991-12.2020	0.0	0.0	0.0	0.0	0.0	1.1	2.4	2.2	0.0	0.0	0.0	0.0	5.7
Genève / Cointrin	411	2498904 / 1122631	01.1991-12.2020	0.0	0.0	0.0	0.0	0.4	3.6	7.1	6.4	0.1	0.0	0.0	0.0	17.6
Glarus	517	2723756 / 1210567	01.1991-12.2020	0.0	0.0	0.0	0.0	0.2	1.6	2.8	1.7	0.0	0.0	0.0	0.0	6.3
Grimsel Hospiz	1980	2668583 / 1158214	01.1991-12.2020	0.0	0.0	0.0	0.0	0.0	0.0	0.0	0.0	0.0	0.0	0.0	0.0	0.0
Grono	324	2733017 / 1124089	01.1991-12.2020	0.0	0.0	0.0	0.0	0.4	3.9	7.2	5.3	0.3	0.0	0.0	0.0	17.1
Grächen	1605	2630738 / 1116062	01.1991-12.2020	0.0	0.0	0.0	0.0	0.0	0.1	0.0	0.0	0.0	0.0	0.0	0.0	0.1
Gütsch, Andermatt	2286	2690087 / 1167480	01.1991-12.2020	0.0	0.0	0.0	0.0	0.0	0.0	0.0	0.0	0.0	0.0	0.0	0.0	0.0
Güttingen	440	2738422 / 1273962	01.1991-12.2020	0.0	0.0	0.0	0.0	0.1	1.9	3.3	2.7	0.0	0.0	0.0	0.0	8.0
Hallau	419	2677456 / 1283471	01.1991-12.2020	0.0	0.0	0.0	0.0	0.1	2.0	4.3	4.1	0.0	0.0	0.0	0.0	10.5
Hörnli	1133	2713517 / 1247756	01.1991-12.2020	0.0	0.0	0.0	0.0	0.0	0.0	0.1	0.1	0.0	0.0	0.0	0.0	0.2
Interlaken	577	2633023 / 1169091	01.1991-12.2020	0.0	0.0	0.0	0.0	0.1	1.5	2.9	2.0	0.0	0.0	0.0	0.0	6.5
Jungfraujoch	3571	2641938 / 1155287	01.1991-12.2020	0.0	0.0	0.0	0.0	0.0	0.0	0.0	0.0	0.0	0.0	0.0	0.0	0.0
Koppigen	485	2612663 / 1218664	01.1991-12.2020	0.0	0.0	0.0	0.0	0.1	2.2	4.5	4.2	0.0	0.0	0.0	0.0	11.0
La Brévine	1050	2536981 / 1203974	01.1991-12.2020	0.0	0.0	0.0	0.0	0.0	0.2	0.6	0.2	0.0	0.0	0.0	0.0	1.0
La Chaux-de-Fonds	1017	2550919 / 1214861	01.1991-12.2020	0.0	0.0	0.0	0.0	0.0	0.2	0.5	0.4	0.0	0.0	0.0	0.0	1.1
La Dôle	1670	2497059 / 1142372	01.1991-12.2020	0.0	0.0	0.0	0.0	0.0	0.0	0.0	0.0	0.0	0.0	0.0	0.0	0.0
Langnau i.E.	744	2628004 / 1198793	01.1991-12.2020	0.0	0.0	0.0	0.0	0.1	0.7	1.4	1.2	0.0	0.0	0.0	0.0	3.4
Le Moléson	1974	2567718 / 1155076	01.1991-12.2020	0.0	0.0	0.0	0.0	0.0	0.0	0.0	0.0	0.0	0.0	0.0	0.0	0.0
Locarno / Monti	367	2704166 / 1114315	01.1991-12.2020	0.0	0.0	0.0	0.0	0.2	3.1	6.9	5.2	0.1	0.0	0.0	0.0	15.5
Lugano	273	2717874 / 1095882	01.1991-12.2020	0.0	0.0	0.0	0.1	0.1	2.4	5.1	3.9	0.0	0.0	0.0	0.0	11.6
Luzern	454	2665544 / 1209849	01.1991-12.2020	0.0	0.0	0.0	0.0	0.2	2.3	3.8	2.8	0.0	0.0	0.0	0.0	9.1
Lägern	845	2672251 / 1259459	01.1991-12.2020	0.0	0.0	0.0	0.0	0.0	0.2	0.4	0.5	0.0	0.0	0.0	0.0	1.1
Magadino / Cadenazzo	203	2715479 / 1113160	01.1991-12.2020	0.0	0.0	0.0	0.0	0.3	3.5	7.9	5.3	0.1	0.0	0.0	0.0	17.1
Meiringen	589	2655844 / 1175929	01.1991-12.2020	0.0	0.0	0.0	0.0	0.0	1.1	2.1	1.4	0.0	0.0	0.0	0.0	4.6
Montana	1423	2601708 / 1127488	01.1991-12.2020	0.0	0.0	0.0	0.0	0.0	0.1	0.1	0.1	0.0	0.0	0.0	0.0	0.3
Napf	1404	2638137 / 1206079	01.1991-12.2020	0.0	0.0	0.0	0.0	0.0	0.0	0.0	0.0	0.0	0.0	0.0	0.0	0.0
Neuchâtel	485	2563086 / 1205559	01.1991-12.2020	0.0	0.0	0.0	0.0	0.1	1.9	4.5	3.6	0.0	0.0	0.0	0.0	10.1
Nyon / Changins	458	2506877 / 1139573	01.1991-12.2020	0.0	0.0	0.0	0.0	0.1	1.8	4.3	3.7	0.0	0.0	0.0	0.0	9.9
Passo del Bernina	2260	2798423 / 1143019	01.1991-12.2020	0.0	0.0	0.0	0.0	NA	0.0	0.0	0.0	0.0	0.0	0.0	0.0	NA
Payerne	490	2562130 / 1184611	01.1991-12.2020	0.0	0.0	0.0	0.0	0.1	2.0	4.8	4.4	0.0	0.0	0.0	0.0	11.3
Pilatus	2105	2661904 / 1203410	01.1991-12.2020	0.0	0.0	0.0	0.0	0.0	0.0	0.0	0.0	0.0	0.0	0.0	0.0	0.0
Piotta	990	2695880 / 1152264	01.1991-12.2020	0.0	0.0	0.0	0.0	0.0	0.5	1.0	0.8	0.0	0.0	0.0	0.0	2.3
Piz Corvatsch	3294	2783155 / 1143524	01.1991-12.2020	0.0	0.0	0.0	0.0	0.0	0.0	0.0	0.0	0.0	0.0	0.0	0.0	0.0
Plaffeien	1042	2586828 / 1177406	01.1991-12.2020	0.0	0.0	0.0	0.0	0.0	0.1	0.1	0.0	0.0	0.0	0.0	0.0	0.2
Poschiavo / Robbia	1078	2801993 / 1136248	01.1991-12.2020	0.0	0.0	0.0	0.0	0.0	0.2	0.2	0.4	0.0	0.0	0.0	0.0	0.8
Pully	456	2540819 / 1151510	01.1991-12.2020	0.0	0.0	0.0	0.0	0.1	1.3	3.2	2.3	0.0	0.0	0.0	0.0	6.9
Robièi	1898	2682587 / 1144090	01.1991-12.2020	0.0	0.0	0.0	0.0	0.0	0.0	0.0	0.0	0.0	0.0	0.0	0.0	0.0
Rünenberg	611	2633252 / 1253846	01.1991-12.2020	0.0	0.0	0.0	0.0	0.0	0.9	2.1	1.9	0.0	0.0	0.0	0.0	4.9
S. Bernardino	1639	2734116 / 1147293	01.1991-12.2020	0.0	0.0	0.0	0.0	0.0	0.0	0.0	0.0	0.0	0.0	0.0	0.0	0.0
Salen-Reutenen	719	2719100 / 1279046	01.1991-12.2020	0.0	0.0	0.0	0.0	0.0	0.5	1.0	0.9	0.0	0.0	0.0	0.0	2.4
Samedan	1709	2787250 / 1155684	01.1991-12.2020	0.0	0.0	0.0	0.0	0.0	0.0	0.0	0.0	0.0	0.0	0.0	0.0	0.0
Schaffhausen	438	2688703 / 1282803	01.1991-12.2020	0.0	0.0	0.0	0.0	0.2	2.5	4.6	4.1	0.0	0.0	0.0	0.0	11.4
Scuol	1304	2817138 / 1186393	01.1991-12.2020	0.0	0.0	0.0	0.0	0.0	0.7	1.8	1.8	0.0	0.0	0.0	0.0	4.3
Segl-Maria	1804	2778576 / 1144976	01.1991-12.2020	0.0	0.0	0.0	0.0	0.0	0.0	0.0	0.0	0.0	0.0	0.0	0.0	0.0
Sion	482	2591632 / 1118583	01.1991-12.2020	0.0	0.0	0.0	0.0	0.6	4.7	8.6	6.7	0.3	0.0	0.0	0.0	20.9
St. Gallen	776	2747865 / 1254587	01.1991-12.2020	0.0	0.0	0.0	0.0	0.0	0.3	0.6	0.4	0.0	0.0	0.0	0.0	1.3
Sta. Maria, Val Müstair	1386	2828862 / 1165579	01.1991-12.2020	0.0	0.0	0.0	0.0	0.0	0.1	0.0	0.0	0.0	0.0	0.0	0.0	0.1
Stabio	351	2716048 / 1077971	01.1991-12.2020	0.0	0.0	0.0	0.0	0.2	4.0	8.1	6.0	0.1	0.0	0.0	0.0	18.4
Säntis	2501	2744188 / 1234920	01.1991-12.2020	0.0	0.0	0.0	0.0	0.0	0.0	0.0	0.0	0.0	0.0	0.0	0.0	0.0
Ulrichen	1346	2666747 / 1150766	01.1991-12.2020	0.0	0.0	0.0	0.0	0.0	0.2	0.2	0.3	0.0	0.0	0.0	0.0	0.7
Vaduz	457	2757723 / 1221699	01.1991-12.2020	0.0	0.0	0.0	0.0	0.5	2.7	3.7	2.9	0.1	0.0	0.0	0.0	9.9
Visp	639	2631150 / 1128024	01.1991-12.2020	0.0	0.0	0.0	0.0	0.5	4.7	7.8	6.8	0.2	0.0	0.0	0.0	20.0
Weissfluhjoch	2691	2780615 / 1189634	01.1991-12.2020	0.0	0.0	0.0	0.0	0.0	0.0	0.0	0.0	0.0	0.0	0.0	0.0	0.0
Wynau	422	2626405 / 1233849	01.1991-12.2020	0.0	0.0	0.0	0.0	0.3	2.8	4.7	4.3	0.1	0.0	0.0	0.0	12.2
Wädenswil	485	2693847 / 1230744	01.1991-12.2020	0.0	0.0	0.0	0.0	0.2	2.0	3.3	2.6	0.0	0.0	0.0	0.0	8.1
Zermatt	1638	2624297 / 1097574	01.1991-12.2020	0.0	0.0	0.0	0.0	0.0	0.0	0.0	0.1	0.0	0.0	0.0	0.0	0.1
Zürich / Affoltern	444	2681433 / 1253547	01.1991-12.2020	0.0	0.0	0.0	0.0	0.2	2.6	4.7	4.1	0.0	0.0	0.0	0.0	11.6
Zürich / Fluntern	556	2685117 / 1248065	01.1991-12.2020	0.0	0.0	0.0	0.0	0.1	1.9	3.4	3.1	0.0	0.0	0.0	0.0	8.5
Zürich / Kloten	426	2682711 / 1259338	01.1991-12.2020	0.0	0.0	0.0	0.0	0.1	2.5	4.8	4.3	0.0	0.0	0.0	0.0	11.7

