Federal Department of Home Affairs FDHA
Federal Office of Meteorology and Climatology
MeteoSwiss

Creation date: 25.01.2024 / As at: cf. creation date

Monthly values Pressure at station level / hectopascal / Normals 1991-2020

Station	Altitude [m asl]	CH coordinates	Reference period	Jan	Feb	Mar	Apr	May	Jun	Jul	Aug	Sep	Oct	Nov	Dec	Year
Aadorf / Tänikon	539	2710518 / 1259824	01.1991-12.2020	955.6	954.4	953.3	951.3	953.0	954.3	954.6	954.8	954.9	954.4	953.3	955.1	954.1
Acquarossa / Comprovasco	575	2714985 / 1146450	01.1991-12.2020	951.0	949.5	948.3	946.7	948.2	949.0	949.2	949.6	950.0	950.3	949.1	950.7	949.3
Adelboden	1321	2609371 / 1148939	01.1991-12.2020	866.8	865.7	865.6	864.6	867.4	869.7	870.6	870.7	869.7	868.1	865.7	866.6	867.6
Aigle	381	2560403 / 1130713	01.1991-12.2020	974.6	973.2	971.6	969.1	970.6	971.8	972.1	972.2	972.5	972.3	971.8	974.0	972.2
Altdorf	438	2690180 / 1193563	01.1991-12.2020	967.4	966.2	964.9	962.6	964.2	965.5	965.7	965.9	966.1	965.7	964.9	966.9	965.5
Arosa	1878	2771030 / 1184830	01.1991-12.2020	808.6	807.4	807.7	807.7	811.0	813.8	815.0	815.3	813.7	811.7	808.7	808.7	810.8
Bad Ragaz	497	2756911 / 1209350	01.1991-12.2020	961.0	959.7	958.4	956.3	957.8	959.2	959.5	959.7	959.9	959.6	958.6	960.5	959.2
Basel / Binningen	316	2610908 / 1265611	01.1991-12.2020	981.8	980.7	979.3	977.0	978.5	979.6	979.5	979.6	980.1	979.8	979.1	981.2	979.7
Bern / Zollikofen	553	2601934 / 1204409	01.1991-12.2020	954.2	953.0	951.8	949.7	951.5	952.9	953.2	953.3	953.4	952.9	951.9	953.7	952.6
Beznau	326	2659813 / 1267696	01.1991-12.2020	981.1	979.8	978.2	975.9	977.3	978.4	978.5	978.7	979.2	979.0	978.4	980.4	978.7
Buchs / Aarau	387	2648396 / 1248369	01.1991-12.2020	973.9	972.6	971.2	968.9	970.4	971.5	971.7	971.9	972.3	972.1	971.3	973.3	971.8
Bullet / La Frétaz	1205	2534225 / 1188081	01.1991-12.2020	879.8	878.7	878.5	877.4	880.0	882.3	883.0	883.1	882.2	880.7	878.6	879.5	880.3
Chasseral	1594	2570845 / 1220157	01.1991-12.2020	837.3	836.3	836.6	836.2	839.3	841.9	843.0	843.1	841.6	839.6	836.8	837.2	839.1
Chaumont	1136	2565060 / 1211006	01.1991-12.2020	887.3	886.4	886.1	885.0	887.4	889.6	890.3	890.5	889.7	888.2	886.1	887.0	887.8
Chur	557	2759488 / 1193181	01.1991-12.2020	954.1	952.8	951.4	949.3	950.8	952.2	952.5	952.8	953.0	952.7	951.7	953.6	952.2
Château-d'Oex	1028	2577040 / 1147654	01.1991-12.2020	899.9	898.8	898.1	896.8	899.1	901.1	901.8	901.9	901.3	900.2	898.4	899.6	899.8
Cimetta	1661	2704433 / 1117457	01.1991-12.2020	830.5	829.3	829.5	829.4	832.4	835.0	835.9	836.3	835.0	833.6	830.5	830.6	832.3
Col du Grand St-Bernard	2472	2579191 / 1079754	01.1991-12.2020	749.0	747.8	748.5	748.7	752.6	756.1	757.7	757.9	755.6	753.4	749.6	749.3	752.2
Davos	1594	2783519 / 1187458	01.1991-12.2020	838.1	837.0	837.0	836.5	839.4	841.9	843.0	843.2	841.9	840.4	837.7	838.1	839.5
Disentis	1197	2708190 / 1173793	01.1991-12.2020	881.3	880.1	879.7	878.7	881.1	883.0	883.8	884.0	883.3	882.3	880.3	881.2	881.6
Einsiedeln	911	2699983 / 1221068	01.1991-12.2020	912.5	911.6	911.0	909.6	911.8	913.7	914.2	914.5	914.0	912.8	911.0	912.2	912.4
Engelberg	1036	2674161 / 1186069	01.1991-12.2020	898.5	897.4	897.0	895.8	898.2	900.2	900.9	901.0	900.4	899.1	897.1	898.2	898.7
Evolène / Villa	1825	2605411 / 1106748	01.1991-12.2020	814.2	813.0	813.2	812.7	815.9	818.8	820.1	820.2	818.6	816.8	813.9	814.2	816.0
Fahy	596	2562464 / 1252675	01.1991-12.2020	948.6	947.5	946.6	944.8	946.6	948.1	948.4	948.4	948.5	947.6	946.4	948.0	947.5
Fribourg / Grangeneuve	651	2575183 / 1180076	01.1991-12.2020	942.8	941.6	940.6	938.7	940.5	942.1	942.4	942.5	942.5	941.8	940.7	942.4	941.6
Genève / Cointrin	411	2498904 / 1122631	01.1991-12.2020	971.3	969.9	968.4	966.0	967.5	968.6	968.8	968.9	969.2	969.0	968.4	970.7	968.9
Glarus	517	2723756 / 1210567	01.1991-12.2020	958.4	957.1	955.8	953.7	955.3	956.7	957.1	957.2	957.4	956.9	955.9	957.9	956.6
Grimsel Hospiz	1980	2668583 / 1158214	01.1991-12.2020	800.8	799.6	800.0	799.9	803.3	806.2	807.4	807.6	805.9	804.0	800.9	800.9	803.0
Gütsch, Andermatt	2286	2690087 / 1167480	01.1991-12.2020	767.9	766.7	767.3	767.6	771.4	774.6	776.1	776.3	774.2	772.1	768.4	768.1	770.9
Güttingen	440	2738422 / 1273962	01.1991-12.2020	967.0	965.9	964.6	962.4	964.0	965.2	965.4	965.6	966.0	965.6	964.7	966.5	965.2
Hallau	419	2677456 / 1283471	01.1991-12.2020	969.9	968.8	967.4	965.3	966.9	968.0	968.2	968.3	968.8	968.4	967.5	969.4	968.1
Hörnli	1133	2713517 / 1247756	01.1991-12.2020	887.2	886.3	886.1	885.2	887.6	889.8	890.5	890.6	889.8	888.3	886.1	887.0	887.9
Interlaken	577	2633023 / 1169091	01.1991-12.2020	951.3	950.0	948.8	946.7	948.5	950.0	950.3	950.5	950.5	949.9	948.9	950.8	949.7
Jungfraujoch	3571	2641938 / 1155287	01.1991-12.2020	650.6	649.3	650.6	651.6	656.4	660.8	662.9	663.2	660.1	657.2	652.4	651.2	655.5
Koppigen	485	2612663 / 1218664	01.1991-12.2020	962.4	961.1	959.8	957.7	959.3	960.6	960.8	960.9	961.1	960.8	959.9	961.8	960.5
La Chaux-de-Fonds	1017	2550919 / 1214861	01.1991-12.2020	900.6	899.6	899.2	897.9	900.3	902.3	902.9	903.0	902.4	901.0	899.1	900.2	900.7
La Dôle	1670	2497059 / 1142372	01.1991-12.2020	829.9	828.8	829.0	828.5	831.8	834.6	835.8	835.9	834.3	832.3	829.3	829.8	831.7
Langnau i.E.	744	2628004 / 1198793	01.1991-12.2020	932.0	930.9	929.9	928.2	930.2	931.9	932.4	932.5	932.2	931.4	930.0	931.6	931.1
Le Moléson	1974	2567718 / 1155076	01.1991-12.2020	798.6	797.5	798.0	797.7	801.3	804.4	805.7	805.9	804.0	801.8	798.5	798.6	801.0
Locarno / Monti	367	2704166 / 1114315	01.1991-12.2020	974.3	972.7	971.3	969.5	970.7	971.3	971.2	971.7	972.4	973.1	972.2	974.0	972.0
Lugano	273	2717874 / 1095882	01.1991-12.2020	983.2	981.6	980.0	978.1	979.2	979.6	979.4	979.8	980.7	981.7	980.9	982.9	980.6
Luzern	454	2665544 / 1209849	01.1991-12.2020	965.8	964.6	963.2	961.0	962.6	963.8	964.0	964.2	964.5	964.1	963.3	965.3	963.9
Lägern	845	2672251 / 1259459	01.1991-12.2020	919.9	918.9	918.3	916.9	919.0	920.7	921.2	921.3	921.0	919.8	918.2	919.4	919.6
Magadino / Cadenazzo	203	2715479 / 1113160	01.1991-12.2020	995.0	993.2	991.4	989.4	990.4	990.7	990.5	991.0	992.0	993.1	992.5	994.7	992.0
Meiringen	589	2655844 / 1175929	01.1991-12.2020	950.0	948.9	947.6	945.5	947.3	948.8	949.3	949.5	949.4	948.8	947.8	949.6	948.5
Montana	1423	2601708 / 1127488	01.1991-12.2020	856.5	855.3	855.1	854.1	856.9	859.3	860.2	860.5	859.3	857.9	855.5	856.4	857.3
Napf	1404	2638137 / 1206079	01.1991-12.2020	857.8	856.8	856.9	856.2	859.1	861.5	862.4	862.5	861.4	859.6	857.0	857.6	859.1
Neuchâtel	485	2563086 / 1205559	01.1991-12.2020	962.3	961.0	959.7	957.4	959.0	960.3	960.6	960.7	961.0	960.6	959.7	961.7	960.3
Nyon / Changins	458	2506877 / 1139573	01.1991-12.2020	965.4	964.1	962.6	960.3	961.9	963.2	963.4	963.5	963.8	963.5	962.8	964.9	963.3
Passo del Bernina	2260	2798423 / 1143019	01.1991-12.2020	770.6	769.5	770.0	770.4	774.2	777.3	778.7	779.0	777.1	775.0	771.4	770.9	773.7
Payerne	490	2562130 / 1184611	01.1991-12.2020	961.8	960.4	959.1	956.8	958.4	959.7	960.0	960.1	960.4	960.0	959.1	961.2	959.8
Pilatus	2105	2661904 / 1203410	01.1991-12.2020	785.6	784.5	785.1	785.1	788.8	791.9	793.3	793.5	791.5	789.3	785.8	785.7	788.3
Piotta	990	2695880 / 1152264	01.1991-12.2020	903.8	902.4	901.9	900.9	903.1	904.5	905.0	905.3	905.0	904.5	902.7	903.7	903.6
Piz Corvatsch	3294	2783155 / 1143524	01.1991-12.2020	674.0	672.7	673.8	675.0	679.6	683.8	685.7	686.0	683.1	680.4	675.8	674.6	678.7
Plaffeien	1042	2586828 / 1177406	01.1991-12.2020	897.6	896.6	896.2	894.9	897.3	899.3	900.0	900.2	899.4	898.1	896.2	897.3	897.8
Poschiavo / Robbia	1078	2801993 / 1136248	01.1991-12.2020	893.5	892.0	891.5	890.7	893.0	894.7	895.3	895.7	895.3	894.9	892.7	893.4	893.6
Pully	456	2540819 / 1151510	01.1991-12.2020	965.6	964.4	962.9	960.5	962.2	963.4	963.7	963.8	964.0	963.7	963.0	965.1	963.5
Robièi	1898	2682587 / 1144090	01.1991-12.2020	806.9	805.6	806.0	806.1	809.4	812.1	813.3	813.5	811.9	810.2	807.1	807.0	809.1
Rünenberg	611	2633252 / 1253846	01.1991-12.2020	946.8	945.8	944.8	943.0	944.8	946.3	946.6	946.7	946.7	945.9	944.7	946.3	945.7
S. Bernardino	1639	2734116 / 1147293	01.1991-12.2020	833.4	832.2	832.3	832.1	835.2	837.6	838.6	839.0	837.6	836.3	833.3	833.5	835.1
Samedan	1709	2787250 / 1155684	01.1991-12.2020	826.3	825.0	825.0	824.8	827.8	830.3	831.3	831.6	830.3	829.0	826.2	826.4	827.8
Schaffhausen	438	2688703 / 1282803	01.1991-12.2020	967.4	966.2	964.9	962.7	964.3	965.5	965.6	965.8	966.2	965.8	964.9	966.8	965.5
Scuol	1304	2817138 / 1186393	01.1991-12.2020	869.6	868.1	867.5	866.7	869.2	871.3	872.1	872.5	871.7	870.8	868.7	869.5	869.8
Sion	482	2591632 / 1118583	01.1991-12.2020	963.0	961.5	959.7	957.2	958.7	959.9	960.3	960.6	960.8	960.9	960.3	962.6	960.5
St. Gallen	776	2747865 / 1254587	01.1991-12.2020	927.8	926.7	926.0	924.4	926.4	928.1	928.5	928.6	928.5	927.5	925.9	927.3	927.1
Sta. Maria, Val Müstair	1386	2828862 / 1165579	01.1991-12.2020	860.3	859.0	858.8	858.4	860.4	862.5	863.3	863.7	862.9	862.1	859.9	860.3	861.0
Stabio	351	2716048 / 1077971	01.1991-12.2020	976.8	975.2	973.7	972.1	973.2	973.9	973.7	974.0	974.9	975.8	974.7	976.6	974.6
Säntis	2501	2744188 / 1234920	01.1991-12.2020	747.3	746.1	746.9	747.6	751.7	755.1	756.6	756.9	754.6	752.1	748.2	747.5	750.9
Ulrichen	1346	2666747 / 1150766	01.1991-12.2020	865.1	863.8	863.4	862.6	865.2	867.3	868.1	868.3	867.4	866.3	864.2	865.0	865.6
Vaduz	457	2757723 / 1221699	01.1991-12.2020	965.3	964.1	962.8	960.6	962.1	963.4	963.6	963.8	964.1	963.8	962.9	964.8	963.4
Visp	639	2631150 / 1128024	01.1991-12.2020	944.2	942.7	941.1	939.0	940.7	942.0	942.4	942.7	942.8	942.7	941.9	943.8	942.2
Weissfluhjoch	2691	2780615 / 1189634	01.1991-12.2020	730.8	729.6	730.5	731.2	735.4	739.0	740.6	740.8	738.4	735.9	731.9	731.2	734.6
Wynau	422	2626405 / 1233849	01.1991-12.2020	969.6	968.3	966.9	964.6	966.1	967.3	967.5	967.6	968.0	967.7	967.0	969.0	967.5
Wädenswil	485	2693847 / 1230744	01.1991-12.2020	961.9	960.7	959.4	957.3	959.0	960.3	960.5	960.7	960.9	960.4	959.5	961.4	960.2
Würenlingen / PSI	334	2659356 / 1265380	01.1991-12.2020	980.3	979.1	977.6	975.3	976.6	977.7	977.8	977.9	978.5	978.3	977.6	979.7	978.0
Zermatt	1638	2624297 / 1097574	01.1991-12.2020	833.7	832.5	832.4	831.7	834.7	837.2	838.3	838.6	837.3	835.8	833.2	833.7	834.9
Zürich / Affoltern	444	2681433 / 1253547	01.1991-12.2020	966.9	965.7	964.4	962.2	963.8	965.0	965.2	965.3	965.7	965.3	964.4	966.3	965.0
Zürich / Fluntern	556	2685117 / 1248065	01.1991-12.2020	953.5	952.4	951.2	949.3	951.0	952.4	952.7	952.8	952.9	952.4	951.3	953.0	952.1
Zürich / Kloten	426	2682711 / 1259338	01.1991-12.2020	969.0	967.8	966.5	964.2	965.7	966.9	967.1	967.3	967.7	967.3	966.5	968.4	967.0

