Federal Department of Home Affairs FDHA
Federal Office of Meteorology and Climatology
MeteoSwiss

Creation date: 25.01.2024 / As at: cf. creation date

Monthly values Air temperature 2m / degree Celsius / Normals 1991-2020

Station	Altitude [m asl]	CH coordinates	Reference period	Jan	Feb	Mar	Apr	May	Jun	Jul	Aug	Sep	Oct	Nov	Dec	Year
Aadorf / Tänikon	539	2710518 / 1259824	01.1991-12.2020	0.4	1.0	4.8	8.6	13.0	16.7	18.4	18.0	13.6	9.4	4.3	1.2	9.1
Acquarossa / Comprovasco	575	2714985 / 1146450	01.1991-12.2020	1.8	3.0	7.1	10.5	14.0	17.7	19.4	18.8	14.9	10.5	5.9	2.5	10.5
Adelboden	1321	2609371 / 1148939	01.1991-12.2020	-1.2	-1.2	1.9	5.2	9.2	12.6	14.5	14.3	10.6	7.2	2.4	-0.3	6.3
Aigle	381	2560403 / 1130713	01.1991-12.2020	1.4	2.4	6.3	10.1	14.2	17.7	19.4	18.9	14.8	10.6	5.4	2.2	10.3
Altdorf	438	2690180 / 1193563	01.1991-12.2020	1.6	2.4	6.1	9.9	14.0	17.3	18.9	18.5	14.7	10.7	5.7	2.3	10.2
Andermatt	1435	2687444 / 1165043	01.1991-12.2020	-4.8	-4.3	-1.0	3.0	7.5	11.0	12.7	12.6	8.9	5.2	-0.1	-3.9	3.9
Arosa	1878	2771030 / 1184830	01.1991-12.2020	-3.4	-3.8	-1.4	1.8	6.1	9.9	11.8	11.9	8.3	5.3	0.5	-2.5	3.7
Bad Ragaz	497	2756911 / 1209350	01.1991-12.2020	1.1	2.3	6.5	10.4	14.4	17.6	19.1	18.8	14.9	10.9	5.8	2.0	10.3
Basel / Binningen	316	2610908 / 1265611	01.1991-12.2020	2.2	3.2	7.0	10.7	14.6	18.2	20.2	19.7	15.4	11.1	6.0	2.9	10.9
Bern / Zollikofen	553	2601934 / 1204409	01.1991-12.2020	0.2	1.1	5.2	9.0	13.2	16.9	18.8	18.4	14.1	9.5	4.2	0.9	9.3
Blatten, Lötschental	1538	2629563 / 1141083	01.1991-12.2020	-5.4	-4.4	-0.4	3.3	8.0	11.7	13.4	12.9	9.0	4.9	-0.6	-4.3	4.0
Buchs / Aarau	387	2648396 / 1248369	01.1991-12.2020	1.2	1.9	5.9	9.9	14.0	17.7	19.4	18.8	14.6	10.1	5.0	1.9	10.0
Buffalora	1971	2816494 / 1170254	01.1991-12.2020	-9.1	-7.9	-3.7	0.4	5.2	9.2	11.0	10.8	6.6	2.3	-3.4	-8.2	1.1
Bullet / La Frétaz	1205	2534225 / 1188081	01.1991-12.2020	-0.9	-0.9	1.9	5.1	9.1	12.7	14.8	14.6	10.7	7.2	2.7	0.0	6.4
Chasseral	1594	2570845 / 1220157	01.1991-12.2020	-2.3	-2.8	-0.5	2.5	6.4	10.0	12.0	12.1	8.4	5.5	1.1	-1.4	4.3
Chaumont	1136	2565060 / 1211006	01.1991-12.2020	-0.9	-0.8	2.4	5.7	9.6	13.2	15.3	15.1	11.2	7.5	3.0	0.1	6.8
Chur	557	2759488 / 1193181	01.1991-12.2020	1.0	2.1	6.3	10.2	14.4	17.7	19.3	18.9	14.9	10.8	5.6	1.9	10.3
Château-d'Oex	1028	2577040 / 1147654	01.1991-12.2020	-1.9	-1.1	2.7	6.4	10.5	14.0	15.7	15.3	11.5	7.6	2.3	-1.1	6.8
Cimetta	1661	2704433 / 1117457	01.1991-12.2020	-1.1	-1.3	0.9	3.7	7.9	11.8	14.0	13.9	9.9	6.3	2.1	-0.4	5.6
Col du Grand St-Bernard	2472	2579191 / 1079754	01.1991-12.2020	-6.9	-7.4	-5.2	-2.6	1.5	5.9	8.4	8.5	4.6	1.2	-3.6	-6.0	-0.1
Davos	1594	2783519 / 1187458	01.1991-12.2020	-4.7	-4.2	-0.7	3.0	7.4	11.0	12.8	12.6	8.7	5.1	0.0	-3.6	4.0
Delémont	439	2593269 / 1244543	01.1991-12.2020	0.9	1.9	5.4	9.1	13.2	16.9	18.7	18.2	14.1	10.0	4.8	1.7	9.6
Disentis	1197	2708190 / 1173793	01.1991-12.2020	-1.1	-0.8	2.6	6.3	10.4	14.0	15.8	15.5	11.7	8.0	3.0	-0.2	7.1
Ebnat-Kappel	623	2726347 / 1237176	01.1991-12.2020	-1.1	-0.1	3.8	7.8	12.1	15.7	17.4	16.9	12.7	8.5	3.3	-0.2	8.1
Einsiedeln	911	2699983 / 1221068	01.1991-12.2020	-1.5	-1.1	2.6	6.6	10.8	14.4	16.2	16.0	11.9	7.9	2.9	-0.4	7.2
Elm	958	2732265 / 1198424	01.1991-12.2020	-1.8	-1.1	2.5	6.7	10.8	14.0	15.6	15.3	11.6	7.9	2.7	-0.9	6.9
Engelberg	1036	2674161 / 1186069	01.1991-12.2020	-1.7	-1.1	2.5	6.3	10.4	13.8	15.4	15.2	11.4	7.6	2.5	-0.8	6.8
Evolène / Villa	1825	2605411 / 1106748	01.1991-12.2020	-2.6	-2.8	0.0	3.1	6.9	10.6	12.7	12.6	8.9	5.7	1.0	-1.6	4.5
Fahy	596	2562464 / 1252675	01.1991-12.2020	1.2	1.9	5.4	8.8	12.6	16.1	18.2	18.0	13.9	9.9	5.0	2.2	9.4
Fribourg / Grangeneuve	651	2575183 / 1180076	01.1991-12.2020	0.4	1.2	5.1	8.6	12.8	16.5	18.5	18.1	13.7	9.4	4.3	1.1	9.1
Genève / Cointrin	411	2498904 / 1122631	01.1991-12.2020	2.1	2.9	6.7	10.5	14.5	18.4	20.6	20.0	15.7	11.3	6.0	2.8	11.0
Glarus	517	2723756 / 1210567	01.1991-12.2020	0.0	1.0	5.2	9.5	13.5	16.7	18.3	17.9	14.0	9.8	4.6	0.9	9.3
Grimsel Hospiz	1980	2668583 / 1158214	01.1991-12.2020	-4.5	-4.9	-2.6	0.2	4.3	8.2	10.2	10.3	6.9	4.0	-0.7	-3.5	2.3
Grono	324	2733017 / 1124089	01.1991-12.2020	0.8	2.8	7.3	11.0	14.8	18.5	20.4	19.9	15.6	11.0	5.7	1.2	10.8
Grächen	1605	2630738 / 1116062	01.1991-12.2020	-2.6	-2.4	0.8	4.4	8.6	12.6	14.6	14.2	10.3	6.2	1.2	-1.7	5.5
Gütsch, Andermatt	2286	2690087 / 1167480	01.1991-12.2020	-5.5	-6.1	-4.1	-1.6	2.5	6.6	8.8	9.0	5.4	2.4	-2.2	-4.7	0.9
Güttingen	440	2738422 / 1273962	01.1991-12.2020	1.0	1.6	5.5	9.4	13.7	17.4	19.1	18.6	14.4	9.9	5.0	1.8	9.8
Hallau	419	2677456 / 1283471	01.1991-12.2020	0.2	1.0	5.2	9.1	13.4	17.0	18.8	18.4	14.0	9.4	4.2	0.9	9.3
Hörnli	1133	2713517 / 1247756	01.1991-12.2020	-0.6	-0.6	2.4	6.1	10.1	13.6	15.5	15.5	11.4	7.8	3.2	0.3	7.1
Interlaken	577	2633023 / 1169091	01.1991-12.2020	0.0	1.0	5.2	9.2	13.3	16.9	18.6	18.1	14.1	9.6	4.2	0.8	9.3
Jungfraujoch	3571	2641938 / 1155287	01.1991-12.2020	-12.5	-13.3	-11.6	-9.4	-5.2	-1.5	0.4	0.6	-2.4	-4.9	-9.2	-11.7	-6.7
Koppigen	485	2612663 / 1218664	01.1991-12.2020	0.4	1.1	5.2	8.9	13.2	16.8	18.7	18.4	14.0	9.5	4.3	1.0	9.3
La Brévine	1050	2536981 / 1203974	01.1991-12.2020	-3.5	-3.2	0.8	4.6	8.9	12.5	14.4	13.8	10.0	6.5	1.4	-2.1	5.3
La Chaux-de-Fonds	1017	2550919 / 1214861	01.1991-12.2020	-1.0	-0.7	2.6	6.1	10.2	13.8	15.6	15.4	11.5	8.0	3.1	-0.1	7.0
La Dôle	1670	2497059 / 1142372	01.1991-12.2020	-2.4	-2.8	-0.5	2.4	6.4	10.1	12.1	12.3	8.6	5.5	0.9	-1.5	4.3
Langnau i.E.	744	2628004 / 1198793	01.1991-12.2020	-0.6	0.1	4.0	7.6	11.7	15.4	17.1	16.8	12.9	8.7	3.4	0.2	8.1
Le Moléson	1974	2567718 / 1155076	01.1991-12.2020	-2.9	-3.4	-1.5	1.0	4.9	8.6	10.6	10.8	7.4	4.8	0.4	-1.9	3.2
Locarno / Monti	367	2704166 / 1114315	01.1991-12.2020	3.9	5.2	9.3	12.6	16.4	20.2	22.3	21.8	17.6	12.9	7.9	4.4	12.9
Lugano	273	2717874 / 1095882	01.1991-12.2020	3.8	5.0	8.9	12.3	16.3	20.4	22.6	22.1	17.9	13.2	8.4	4.6	13.0
Luzern	454	2665544 / 1209849	01.1991-12.2020	1.1	1.9	6.0	9.9	14.1	17.6	19.5	18.9	14.8	10.3	5.1	1.9	10.1
Lägern	845	2672251 / 1259459	01.1991-12.2020	-0.8	0.0	3.6	7.4	11.4	14.9	16.9	16.8	12.6	8.3	3.3	0.1	7.9
Magadino / Cadenazzo	203	2715479 / 1113160	01.1991-12.2020	1.5	3.6	8.4	12.3	16.3	20.1	21.9	21.1	16.9	11.9	6.4	1.8	11.9
Meiringen	589	2655844 / 1175929	01.1991-12.2020	-1.1	0.4	5.0	9.2	13.2	16.5	17.9	17.4	13.6	9.1	3.7	-0.5	8.7
Montana	1423	2601708 / 1127488	01.1991-12.2020	-1.6	-1.5	1.8	5.2	9.3	13.1	15.0	14.8	10.9	7.2	2.3	-0.7	6.3
Napf	1404	2638137 / 1206079	01.1991-12.2020	-1.3	-1.6	1.0	4.2	8.3	11.9	13.9	13.9	10.0	6.8	2.2	-0.4	5.7
Neuchâtel	485	2563086 / 1205559	01.1991-12.2020	1.8	2.6	6.5	10.3	14.2	18.0	20.1	19.6	15.5	10.8	5.8	2.6	10.7
Nyon / Changins	458	2506877 / 1139573	01.1991-12.2020	1.9	2.7	6.6	10.2	14.2	18.0	20.1	19.6	15.5	11.0	5.9	2.7	10.7
Passo del Bernina	2260	2798423 / 1143019	01.1991-12.2020	-6.4	-6.6	-4.2	-1.0	3.6	7.8	10.0	9.8	5.9	2.4	-2.3	-5.3	1.1
Payerne	490	2562130 / 1184611	01.1991-12.2020	0.9	1.8	5.7	9.3	13.6	17.3	19.3	18.8	14.5	10.0	4.9	1.7	9.8
Pilatus	2105	2661904 / 1203410	01.1991-12.2020	-3.8	-4.4	-2.5	0.1	4.0	7.5	9.5	9.8	6.5	4.0	-0.3	-2.9	2.3
Piotta	990	2695880 / 1152264	01.1991-12.2020	-1.2	0.2	4.1	7.7	11.9	15.8	17.7	17.0	13.0	8.4	3.1	-0.5	8.1
Piz Corvatsch	3294	2783155 / 1143524	01.1991-12.2020	-11.0	-11.8	-10.1	-7.6	-3.5	0.4	2.6	2.9	-0.6	-3.2	-7.5	-10.2	-5.0
Plaffeien	1042	2586828 / 1177406	01.1991-12.2020	-0.4	-0.2	3.1	6.4	10.4	14.1	16.1	15.9	11.8	8.0	3.3	0.5	7.4
Poschiavo / Robbia	1078	2801993 / 1136248	01.1991-12.2020	-1.4	-0.3	3.7	7.4	11.3	14.9	16.5	16.1	12.1	7.9	3.3	-0.4	7.6
Pully	456	2540819 / 1151510	01.1991-12.2020	2.7	3.3	7.0	10.6	14.6	18.4	20.5	20.1	16.0	11.7	6.7	3.5	11.3
Robièi	1898	2682587 / 1144090	01.1991-12.2020	-3.3	-3.5	-1.2	1.3	5.2	9.7	12.1	12.0	8.2	4.5	0.1	-2.5	3.6
Rünenberg	611	2633252 / 1253846	01.1991-12.2020	1.0	1.8	5.5	9.2	13.0	16.6	18.6	18.3	14.2	10.0	4.9	1.8	9.6
S. Bernardino	1639	2734116 / 1147293	01.1991-12.2020	-3.4	-3.1	-0.3	2.7	7.0	11.2	13.2	12.9	9.0	5.0	0.4	-2.6	4.3
Salen-Reutenen	719	2719100 / 1279046	01.1991-12.2020	-0.2	0.6	4.4	8.4	12.5	16.1	17.8	17.5	13.2	9.0	3.9	0.6	8.7
Samedan	1709	2787250 / 1155684	01.1991-12.2020	-8.4	-7.1	-2.4	1.9	6.7	10.5	12.3	11.8	7.9	3.6	-2.1	-7.0	2.3
Schaffhausen	438	2688703 / 1282803	01.1991-12.2020	0.7	1.7	5.8	9.9	14.0	17.6	19.3	18.8	14.5	9.8	4.7	1.5	9.9
Scuol	1304	2817138 / 1186393	01.1991-12.2020	-4.3	-2.7	1.8	6.0	10.3	13.8	15.5	15.0	11.0	6.5	0.9	-3.3	5.9
Segl-Maria	1804	2778576 / 1144976	01.1991-12.2020	-6.8	-6.3	-2.6	1.2	6.0	9.9	11.8	11.7	7.8	3.8	-1.2	-4.9	2.5
Sion	482	2591632 / 1118583	01.1991-12.2020	0.5	2.3	7.2	11.3	15.3	19.0	20.6	19.9	15.7	10.7	5.0	0.9	10.7
St. Gallen	776	2747865 / 1254587	01.1991-12.2020	0.2	0.8	4.4	8.1	12.2	15.7	17.5	17.2	13.1	9.2	4.3	1.3	8.7
Sta. Maria, Val Müstair	1386	2828862 / 1165579	01.1991-12.2020	-2.6	-1.6	1.9	5.8	10.1	13.9	15.6	15.1	10.9	6.6	1.7	-1.9	6.3
Stabio	351	2716048 / 1077971	01.1991-12.2020	1.6	3.1	7.6	11.3	15.7	19.7	21.7	21.1	16.6	11.9	6.7	2.2	11.6
Säntis	2501	2744188 / 1234920	01.1991-12.2020	-6.8	-7.5	-5.6	-3.0	1.0	4.5	6.4	6.8	3.6	1.1	-3.3	-5.9	-0.7
Ulrichen	1346	2666747 / 1150766	01.1991-12.2020	-7.2	-5.4	-0.4	3.9	8.7	12.6	14.6	14.0	10.0	5.5	-0.7	-5.6	4.2
Vaduz	457	2757723 / 1221699	01.1991-12.2020	1.4	2.7	6.8	10.7	14.7	17.9	19.4	19.1	15.0	11.1	5.7	2.2	10.6
Visp	639	2631150 / 1128024	01.1991-12.2020	-0.7	1.4	6.6	10.5	14.5	18.1	19.8	19.1	15.0	10.2	4.2	-0.2	9.9
Weissfluhjoch	2691	2780615 / 1189634	01.1991-12.2020	-7.8	-8.5	-6.6	-4.0	0.1	3.9	6.2	6.6	3.0	0.3	-4.2	-6.9	-1.5
Wynau	422	2626405 / 1233849	01.1991-12.2020	0.7	1.3	5.2	9.2	13.5	17.3	19.0	18.4	14.2	9.7	4.6	1.5	9.6
Wädenswil	485	2693847 / 1230744	01.1991-12.2020	1.0	1.8	5.8	9.8	13.9	17.5	19.3	18.9	14.7	10.3	5.2	1.9	10.0
Zermatt	1638	2624297 / 1097574	01.1991-12.2020	-3.9	-3.4	0.2	4.0	8.1	11.8	13.7	13.3	9.4	5.4	0.3	-3.0	4.7
Zürich / Affoltern	444	2681433 / 1253547	01.1991-12.2020	1.0	1.6	5.7	9.6	13.8	17.5	19.2	18.7	14.4	9.9	4.8	1.7	9.8
Zürich / Fluntern	556	2685117 / 1248065	01.1991-12.2020	0.9	1.8	5.8	9.6	13.6	17.1	19.0	18.6	14.4	10.0	4.9	1.7	9.8
Zürich / Kloten	426	2682711 / 1259338	01.1991-12.2020	0.9	1.6	5.6	9.6	13.8	17.4	19.2	18.7	14.4	9.9	4.7	1.6	9.8

