Federal Department of Home Affairs FDHA
Federal Office of Meteorology and Climatology
MeteoSwiss

Creation date: 25.01.2024 / As at: cf. creation date

Monthly values Absolute sunshine duration / hours / Normals 1991-2020

Station	Altitude [m asl]	CH coordinates	Reference period	Jan	Feb	Mar	Apr	May	Jun	Jul	Aug	Sep	Oct	Nov	Dec	Year
Aadorf / Tänikon	539	2710518 / 1259824	01.1991-12.2020	52.8	76.8	130.5	163.8	180.6	205.5	225.3	205.0	148.4	94.2	51.2	38.9	1573.1
Acquarossa / Comprovasco	575	2714985 / 1146450	01.1991-12.2020	85.3	97.1	128.7	130.9	130.4	149.5	168.5	152.8	124.7	94.8	72.3	73.9	1409.1
Adelboden	1321	2609371 / 1148939	01.1991-12.2020	89.1	99.5	132.0	142.8	154.8	168.2	183.8	172.1	146.1	118.6	83.4	79.3	1569.6
Aigle	381	2560403 / 1130713	01.1991-12.2020	92.2	113.0	162.8	177.0	184.3	209.5	227.7	216.1	179.7	140.9	92.6	79.0	1874.7
Altdorf	438	2690180 / 1193563	01.1991-12.2020	48.9	82.6	123.7	143.3	153.5	160.2	168.7	158.5	136.2	107.4	56.5	36.7	1376.2
Arosa	1878	2771030 / 1184830	01.1991-12.2020	111.9	114.5	143.3	149.0	156.9	172.0	198.0	185.0	153.4	136.8	97.1	90.9	1708.8
Basel / Binningen	316	2610908 / 1265611	01.1991-12.2020	64.5	85.3	134.6	167.4	185.6	211.9	234.9	216.5	160.1	107.0	65.4	54.2	1687.4
Bern / Zollikofen	553	2601934 / 1204409	01.1991-12.2020	66.1	94.4	151.3	179.3	197.1	222.5	245.2	227.8	175.2	119.1	66.0	53.1	1797.1
Buchs / Aarau	387	2648396 / 1248369	01.1991-12.2020	41.2	74.2	133.2	166.8	180.6	200.2	219.8	204.1	148.7	86.3	42.8	31.1	1528.9
Bullet / La Frétaz	1205	2534225 / 1188081	01.1991-12.2020	85.5	99.4	141.9	153.1	172.3	192.6	213.4	197.4	149.9	115.0	81.5	78.4	1680.4
Chasseral	1594	2570845 / 1220157	01.1991-12.2020	98.0	104.7	140.0	156.5	163.6	180.0	202.2	189.2	150.1	130.8	93.4	85.3	1693.7
Chur	557	2759488 / 1193181	01.1991-12.2020	97.0	111.7	144.6	158.7	174.1	189.5	207.5	191.8	158.1	131.8	92.7	82.1	1739.5
Cimetta	1661	2704433 / 1117457	01.1991-12.2020	160.1	168.2	206.4	187.7	200.7	228.0	258.1	235.6	181.9	156.3	130.8	142.0	2255.6
Col du Grand St-Bernard	2472	2579191 / 1079754	01.1991-12.2020	54.9	103.3	157.6	148.6	158.0	188.7	211.8	201.9	160.2	123.7	62.4	24.0	1595.2
Davos	1594	2783519 / 1187458	01.1991-12.2020	112.0	121.2	155.5	154.0	155.8	171.5	189.6	181.3	161.1	146.0	103.6	94.4	1745.8
Disentis	1197	2708190 / 1173793	01.1991-12.2020	85.8	96.1	137.3	141.4	148.9	172.9	197.2	183.4	154.9	117.7	74.6	71.9	1582.1
Engelberg	1036	2674161 / 1186069	01.1991-12.2020	51.2	91.8	128.2	146.4	147.4	158.1	164.0	156.5	131.5	112.0	61.5	31.3	1379.9
Evolène / Villa	1825	2605411 / 1106748	01.1991-12.2020	110.3	119.5	158.9	163.8	178.2	192.2	211.6	194.0	169.0	142.6	103.6	96.4	1840.0
Fahy	596	2562464 / 1252675	01.1991-12.2020	64.7	87.2	135.9	169.7	185.3	210.8	233.5	221.5	162.1	115.7	67.4	55.5	1709.4
Genève / Cointrin	411	2498904 / 1122631	01.1991-12.2020	60.9	95.9	161.2	186.6	212.0	245.8	269.2	241.6	184.0	116.3	65.4	48.0	1886.9
Glarus	517	2723756 / 1210567	01.1991-12.2020	62.4	71.2	95.6	137.1	155.5	163.6	174.7	162.7	108.6	86.1	59.6	53.5	1330.6
Grimsel Hospiz	1980	2668583 / 1158214	01.1991-12.2020	71.6	95.2	128.7	123.0	135.3	158.2	177.7	169.1	139.8	114.9	64.1	57.0	1434.8
Gütsch, Andermatt	2286	2690087 / 1167480	01.1991-12.2020	125.6	127.0	157.5	154.7	162.3	185.5	214.2	208.3	170.1	144.6	107.1	108.7	1865.7
Güttingen	440	2738422 / 1273962	01.1991-12.2020	44.4	74.8	140.8	182.0	201.4	218.1	237.5	217.4	157.3	91.8	47.6	36.5	1649.7
Hörnli	1133	2713517 / 1247756	01.1991-12.2020	82.8	91.8	131.1	158.2	169.9	188.1	210.4	200.0	153.3	116.7	79.2	69.7	1651.2
Interlaken	577	2633023 / 1169091	01.1991-12.2020	66.7	82.4	128.5	163.7	182.8	199.9	222.9	199.1	152.0	102.4	67.8	56.5	1624.8
Jungfraujoch	3571	2641938 / 1155287	01.1991-12.2020	117.0	122.5	161.4	159.5	152.4	169.7	181.0	183.4	174.7	144.8	106.1	100.8	1773.3
La Chaux-de-Fonds	1017	2550919 / 1214861	01.1991-12.2020	94.9	105.9	144.3	159.7	170.2	190.3	212.4	203.7	159.4	133.7	92.7	80.0	1747.0
La Dôle	1670	2497059 / 1142372	01.1991-12.2020	110.8	118.0	153.9	157.1	166.0	189.3	210.6	201.0	162.1	140.6	103.3	94.6	1807.4
Le Moléson	1974	2567718 / 1155076	01.1991-12.2020	125.7	133.0	161.1	164.8	164.9	181.1	198.2	197.5	169.0	157.8	117.4	107.7	1878.1
Locarno / Monti	367	2704166 / 1114315	01.1991-12.2020	133.6	153.0	201.7	194.5	209.9	237.7	267.7	248.8	198.1	151.7	112.5	118.6	2227.8
Lugano	273	2717874 / 1095882	01.1991-12.2020	123.8	142.3	191.8	182.2	199.9	228.8	260.3	244.5	192.1	141.3	105.4	107.3	2119.8
Luzern	454	2665544 / 1209849	01.1991-12.2020	50.8	79.9	133.3	161.5	172.7	186.9	208.9	198.4	145.8	99.4	53.4	39.0	1530.1
Lägern	845	2672251 / 1259459	01.1991-12.2020	65.6	92.3	143.5	175.1	197.0	219.6	241.3	221.5	169.1	110.9	69.7	57.5	1763.0
Magadino / Cadenazzo	203	2715479 / 1113160	01.1991-12.2020	110.6	143.5	195.2	190.3	207.0	239.0	270.5	249.2	193.5	144.8	96.1	82.4	2122.1
Montana	1423	2601708 / 1127488	01.1991-12.2020	134.3	141.9	181.6	188.6	199.3	219.8	242.7	230.5	199.5	166.6	120.9	115.6	2141.3
Napf	1404	2638137 / 1206079	01.1991-12.2020	101.2	103.1	136.1	150.2	153.3	173.5	190.5	184.8	147.8	129.0	94.4	84.2	1647.9
Neuchâtel	485	2563086 / 1205559	01.1991-12.2020	52.5	92.4	157.0	187.8	207.7	231.7	254.0	233.9	178.6	107.8	56.2	40.1	1799.6
Nyon / Changins	458	2506877 / 1139573	01.1991-12.2020	71.6	108.1	171.4	193.1	214.0	242.6	266.3	243.8	192.6	127.4	74.2	55.8	1960.7
Payerne	490	2562130 / 1184611	01.1991-12.2020	60.1	94.9	157.9	187.4	207.8	234.6	254.3	235.7	179.4	113.0	60.8	45.7	1831.5
Pilatus	2105	2661904 / 1203410	01.1991-12.2020	123.5	131.6	154.9	156.0	152.1	146.4	161.8	164.9	153.9	158.9	116.2	106.0	1726.2
Piotta	990	2695880 / 1152264	01.1991-12.2020	24.3	108.6	158.9	160.5	151.2	183.4	205.9	192.9	160.0	113.2	45.2	NA	NA
Piz Corvatsch	3294	2783155 / 1143524	01.1991-12.2020	140.7	149.6	185.8	173.5	172.8	179.3	200.0	185.4	166.7	165.1	124.7	117.2	1960.8
Plaffeien	1042	2586828 / 1177406	01.1991-12.2020	96.5	112.4	151.2	166.7	180.3	209.4	233.9	219.1	167.0	126.6	90.6	83.8	1837.6
Poschiavo / Robbia	1078	2801993 / 1136248	01.1991-12.2020	95.0	104.5	135.7	130.6	140.3	155.5	171.0	154.1	123.6	106.9	82.1	79.2	1478.6
Pully	456	2540819 / 1151510	01.1991-12.2020	73.2	99.3	159.1	185.9	204.7	231.6	254.9	236.5	180.3	124.9	75.6	58.5	1884.4
Robièi	1898	2682587 / 1144090	01.1991-12.2020	93.3	101.6	133.3	131.7	135.9	162.3	173.4	153.8	130.2	102.5	78.3	73.7	1469.9
Rünenberg	611	2633252 / 1253846	01.1991-12.2020	64.0	85.8	136.7	169.2	187.3	210.3	231.5	213.9	159.4	103.6	65.2	55.2	1681.8
S. Bernardino	1639	2734116 / 1147293	01.1991-12.2020	96.6	107.3	140.7	128.1	127.6	144.6	162.7	154.0	133.5	108.7	80.9	85.6	1470.2
Samedan	1709	2787250 / 1155684	01.1991-12.2020	120.0	121.3	147.4	150.2	164.4	185.8	199.1	180.9	154.9	138.1	103.2	102.0	1767.2
Schaffhausen	438	2688703 / 1282803	01.1991-12.2020	42.1	76.2	130.0	164.7	181.6	204.3	221.3	204.7	151.0	88.1	42.8	32.8	1539.6
Scuol	1304	2817138 / 1186393	01.1991-12.2020	97.6	115.9	161.6	170.3	176.0	189.7	213.6	195.4	164.1	138.3	87.5	75.1	1785.0
Sion	482	2591632 / 1118583	01.1991-12.2020	98.9	135.8	190.2	209.9	231.1	256.1	275.6	252.6	208.4	161.9	99.4	71.9	2191.9
St. Gallen	776	2747865 / 1254587	01.1991-12.2020	56.7	79.4	131.8	167.5	185.5	200.0	226.7	209.4	153.9	101.3	58.8	47.5	1618.6
Stabio	351	2716048 / 1077971	01.1991-12.2020	121.1	139.4	183.4	178.3	200.6	229.0	267.7	241.2	172.9	126.3	100.9	101.9	2062.7
Säntis	2501	2744188 / 1234920	01.1991-12.2020	128.0	132.6	155.6	162.1	163.1	159.9	168.4	171.3	158.1	161.1	118.6	111.7	1790.6
Ulrichen	1346	2666747 / 1150766	01.1991-12.2020	70.9	103.6	152.7	153.0	170.5	199.2	215.6	192.1	160.7	126.0	66.8	54.1	1665.2
Vaduz	457	2757723 / 1221699	01.1991-12.2020	71.9	91.6	130.6	156.4	168.2	181.0	197.0	182.8	147.0	114.3	67.5	55.3	1563.4
Visp	639	2631150 / 1128024	01.1991-12.2020	NA	115.9	188.4	211.7	226.6	243.9	268.1	251.6	211.4	153.2	NA	NA	NA
Weissfluhjoch	2691	2780615 / 1189634	01.1991-12.2020	141.8	145.0	166.8	163.4	167.7	167.9	185.7	181.2	161.1	165.0	127.8	120.9	1894.2
Wynau	422	2626405 / 1233849	01.1991-12.2020	38.8	75.7	133.7	170.0	192.0	218.9	239.6	214.4	153.4	89.6	40.6	29.4	1596.0
Wädenswil	485	2693847 / 1230744	01.1991-12.2020	55.7	87.0	143.7	182.7	197.7	215.7	234.2	217.6	160.9	106.9	56.7	44.5	1703.2
Zermatt	1638	2624297 / 1097574	01.1991-12.2020	93.8	109.0	150.7	146.8	155.2	171.2	185.3	176.1	155.8	132.9	89.1	82.6	1648.5
Zürich / Affoltern	444	2681433 / 1253547	01.1991-12.2020	51.4	81.4	138.9	178.1	194.8	215.8	237.5	218.5	159.3	94.7	50.9	40.3	1661.5
Zürich / Fluntern	556	2685117 / 1248065	01.1991-12.2020	59.7	88.6	143.8	177.5	191.7	207.3	229.4	215.7	164.1	108.7	60.7	47.1	1694.2
Zürich / Kloten	426	2682711 / 1259338	01.1991-12.2020	50.1	81.6	139.0	176.6	195.2	217.2	237.8	218.8	158.9	93.9	49.2	38.4	1656.8

