Federal Department of Home Affairs FDHA
Federal Office of Meteorology and Climatology
MeteoSwiss

Creation date: 25.01.2024 / As at: cf. creation date

Monthly values Frost days (minimum lower than 0 degrees C) / number / Normals 1991-2020

Station	Altitude [m asl]	CH coordinates	Reference period	Jan	Feb	Mar	Apr	May	Jun	Jul	Aug	Sep	Oct	Nov	Dec	Year
Aadorf / Tänikon	539	2710518 / 1259824	01.1991-12.2020	21.8	20.4	15.8	6.3	0.4	0.0	0.0	0.0	0.1	2.2	11.1	20.4	98.5
Acquarossa / Comprovasco	575	2714985 / 1146450	01.1991-12.2020	20.2	15.8	6.9	1.1	0.0	0.0	0.0	0.0	0.0	0.5	5.8	15.9	66.2
Adelboden	1321	2609371 / 1148939	01.1991-12.2020	26.9	24.0	20.1	13.0	3.1	0.3	0.0	0.0	0.6	6.2	16.2	24.4	134.8
Aigle	381	2560403 / 1130713	01.1991-12.2020	21.0	17.7	10.4	2.7	0.1	0.0	0.0	0.0	0.0	1.6	9.8	18.6	81.9
Altdorf	438	2690180 / 1193563	01.1991-12.2020	22.4	19.6	11.8	3.4	0.1	0.0	0.0	0.0	0.0	1.1	9.2	20.4	88.0
Andermatt	1435	2687444 / 1165043	01.1991-12.2020	30.6	28.0	29.3	21.7	8.9	1.8	0.2	0.5	5.9	16.2	24.9	29.6	197.6
Arosa	1878	2771030 / 1184830	01.1991-12.2020	29.4	26.7	27.1	18.8	7.8	1.8	0.5	0.3	4.1	10.4	20.5	28.2	175.6
Bad Ragaz	497	2756911 / 1209350	01.1991-12.2020	20.3	16.3	9.0	2.5	0.0	0.0	0.0	0.0	0.0	1.4	8.7	18.5	76.7
Basel / Binningen	316	2610908 / 1265611	01.1991-12.2020	16.1	13.3	7.6	1.7	0.0	0.0	0.0	0.0	0.0	0.7	5.7	14.7	59.8
Bern / Zollikofen	553	2601934 / 1204409	01.1991-12.2020	23.8	21.3	14.1	4.8	0.2	0.0	0.0	0.0	0.0	2.1	11.3	21.6	99.2
Blatten, Lötschental	1538	2629563 / 1141083	01.1991-12.2020	30.3	27.8	27.8	18.9	5.9	1.5	0.3	0.3	3.7	12.4	23.2	29.9	182.0
Buchs / Aarau	387	2648396 / 1248369	01.1991-12.2020	19.5	18.5	11.3	2.9	0.1	0.0	0.0	0.0	0.0	1.4	7.7	16.8	78.2
Buffalora	1971	2816494 / 1170254	01.1991-12.2020	31.0	28.2	30.6	28.1	19.4	7.7	3.6	3.2	13.6	24.8	28.4	30.8	249.4
Bullet / La Frétaz	1205	2534225 / 1188081	01.1991-12.2020	24.8	22.0	18.1	10.2	1.7	0.1	0.0	0.0	0.2	4.4	14.0	21.9	117.4
Chasseral	1594	2570845 / 1220157	01.1991-12.2020	27.0	24.2	22.7	15.8	6.0	0.7	0.0	0.0	1.5	7.8	17.9	23.8	147.4
Chaumont	1136	2565060 / 1211006	01.1991-12.2020	23.9	21.6	15.9	7.7	1.0	0.0	0.0	0.0	0.1	3.2	13.4	21.8	108.6
Chur	557	2759488 / 1193181	01.1991-12.2020	19.9	15.9	8.1	1.7	0.0	0.0	0.0	0.0	0.0	1.1	8.1	17.8	72.6
Château-d'Oex	1028	2577040 / 1147654	01.1991-12.2020	27.5	25.6	22.2	11.4	2.0	0.2	0.0	0.1	0.5	4.6	17.4	26.1	137.6
Cimetta	1661	2704433 / 1117457	01.1991-12.2020	26.2	23.4	19.8	11.9	1.9	0.1	0.0	0.0	0.2	4.5	14.0	23.5	125.5
Col du Grand St-Bernard	2472	2579191 / 1079754	01.1991-12.2020	30.9	28.0	30.8	27.9	18.5	7.3	2.6	2.3	8.7	17.6	27.6	30.8	233.0
Davos	1594	2783519 / 1187458	01.1991-12.2020	30.8	28.2	29.1	21.3	6.1	0.9	0.1	0.1	3.2	12.1	24.5	30.3	186.7
Delémont	439	2593269 / 1244543	01.1991-12.2020	20.6	19.1	15.1	5.7	0.3	0.0	0.0	0.0	0.1	2.2	10.7	18.9	92.7
Disentis	1197	2708190 / 1173793	01.1991-12.2020	26.2	23.2	18.5	9.7	1.2	0.2	0.0	0.0	0.3	4.3	14.7	23.3	121.6
Ebnat-Kappel	623	2726347 / 1237176	01.1991-12.2020	25.9	23.4	19.2	9.6	1.0	0.0	0.0	0.0	0.4	3.7	15.3	24.9	123.4
Einsiedeln	911	2699983 / 1221068	01.1991-12.2020	27.2	24.7	19.5	9.3	1.0	0.0	0.0	0.0	0.2	3.3	15.0	25.0	125.2
Elm	958	2732265 / 1198424	01.1991-12.2020	27.8	25.1	19.5	10.3	1.7	0.1	0.0	0.0	0.4	4.9	17.2	26.3	133.3
Engelberg	1036	2674161 / 1186069	01.1991-12.2020	27.2	24.5	19.2	9.9	1.6	0.1	0.0	0.0	0.2	4.5	16.6	25.6	129.4
Evolène / Villa	1825	2605411 / 1106748	01.1991-12.2020	28.2	25.3	24.1	16.8	6.3	0.9	0.0	0.2	2.5	8.3	19.0	26.5	158.1
Fahy	596	2562464 / 1252675	01.1991-12.2020	19.0	16.4	10.7	4.0	0.2	0.0	0.0	0.0	0.0	1.4	8.9	17.1	77.7
Fribourg / Grangeneuve	651	2575183 / 1180076	01.1991-12.2020	22.0	20.0	13.9	5.2	0.3	0.0	0.0	0.0	0.0	2.4	10.7	20.0	94.5
Genève / Cointrin	411	2498904 / 1122631	01.1991-12.2020	19.9	17.9	9.1	1.7	0.1	0.0	0.0	0.0	0.0	0.9	7.3	16.0	72.9
Glarus	517	2723756 / 1210567	01.1991-12.2020	22.5	18.8	10.4	2.6	0.0	0.0	0.0	0.0	0.0	1.4	9.5	20.6	85.8
Grimsel Hospiz	1980	2668583 / 1158214	01.1991-12.2020	30.4	27.6	28.5	21.8	10.4	2.7	0.6	0.6	4.7	9.9	21.4	29.4	188.0
Grono	324	2733017 / 1124089	01.1991-12.2020	26.0	18.9	7.6	1.6	0.0	0.0	0.0	0.0	0.0	0.3	7.2	22.9	84.5
Grächen	1605	2630738 / 1116062	01.1991-12.2020	29.4	26.3	22.6	13.4	3.4	0.3	0.0	0.0	0.9	5.9	17.9	27.1	147.2
Gütsch, Andermatt	2286	2690087 / 1167480	01.1991-12.2020	30.5	27.3	29.7	26.1	16.0	5.7	1.9	1.4	7.9	15.0	25.3	30.1	216.9
Güttingen	440	2738422 / 1273962	01.1991-12.2020	19.9	18.3	10.1	3.0	0.0	0.0	0.0	0.0	0.0	0.8	6.4	17.5	76.0
Hallau	419	2677456 / 1283471	01.1991-12.2020	22.6	21.4	15.1	5.6	0.5	0.0	0.0	0.0	0.1	2.5	10.8	20.8	99.4
Hörnli	1133	2713517 / 1247756	01.1991-12.2020	23.1	20.8	16.9	9.1	0.9	0.1	0.0	0.0	0.1	3.6	12.3	20.6	107.5
Interlaken	577	2633023 / 1169091	01.1991-12.2020	23.3	20.4	11.1	2.3	0.0	0.0	0.0	0.0	0.0	1.0	9.9	20.9	88.9
Jungfraujoch	3571	2641938 / 1155287	01.1991-12.2020	31.0	28.3	31.0	30.0	30.7	26.4	21.8	20.9	27.8	30.4	30.0	31.0	339.3
Koppigen	485	2612663 / 1218664	01.1991-12.2020	23.0	21.2	15.2	5.8	0.3	0.0	0.0	0.0	0.0	2.0	11.2	20.9	99.6
La Brévine	1050	2536981 / 1203974	01.1991-12.2020	27.2	25.6	25.6	21.9	11.0	2.9	0.6	0.7	6.1	13.6	22.2	25.9	183.3
La Chaux-de-Fonds	1017	2550919 / 1214861	01.1991-12.2020	25.4	24.0	20.5	10.3	1.8	0.1	0.0	0.0	0.3	5.0	16.2	23.3	126.9
La Dôle	1670	2497059 / 1142372	01.1991-12.2020	27.6	25.0	23.2	16.7	6.7	0.8	0.1	0.0	1.9	8.1	18.5	24.5	153.1
Langnau i.E.	744	2628004 / 1198793	01.1991-12.2020	25.5	23.1	17.0	7.3	0.9	0.0	0.0	0.0	0.1	2.9	13.4	23.9	114.1
Le Moléson	1974	2567718 / 1155076	01.1991-12.2020	28.2	25.0	24.4	18.6	9.4	2.3	0.7	0.4	4.0	9.3	19.1	26.1	167.5
Locarno / Monti	367	2704166 / 1114315	01.1991-12.2020	8.9	6.3	1.2	0.0	0.0	0.0	0.0	0.0	0.0	0.0	1.4	6.7	24.5
Lugano	273	2717874 / 1095882	01.1991-12.2020	8.5	5.2	1.0	0.0	0.0	0.0	0.0	0.0	0.0	0.0	1.0	6.5	22.2
Luzern	454	2665544 / 1209849	01.1991-12.2020	21.1	19.4	9.8	1.9	0.0	0.0	0.0	0.0	0.0	0.8	7.2	17.9	78.1
Lägern	845	2672251 / 1259459	01.1991-12.2020	22.4	19.2	13.5	5.7	0.4	0.0	0.0	0.0	0.0	2.2	11.0	20.8	95.2
Magadino / Cadenazzo	203	2715479 / 1113160	01.1991-12.2020	25.5	20.7	8.7	1.3	0.0	0.0	0.0	0.0	0.0	0.9	10.3	23.6	91.0
Meiringen	589	2655844 / 1175929	01.1991-12.2020	28.1	24.5	16.4	5.6	0.4	0.0	0.0	0.0	0.0	2.3	16.0	26.2	119.5
Montana	1423	2601708 / 1127488	01.1991-12.2020	28.3	25.6	21.9	12.0	2.7	0.1	0.0	0.0	0.9	6.2	17.7	26.5	141.9
Napf	1404	2638137 / 1206079	01.1991-12.2020	24.9	22.5	19.6	12.8	3.2	0.2	0.0	0.0	0.5	6.1	15.2	21.8	126.8
Neuchâtel	485	2563086 / 1205559	01.1991-12.2020	16.0	13.3	5.9	0.6	0.0	0.0	0.0	0.0	0.0	0.5	4.1	13.5	53.9
Nyon / Changins	458	2506877 / 1139573	01.1991-12.2020	18.1	15.0	7.3	1.4	0.0	0.0	0.0	0.0	0.0	0.5	5.5	14.8	62.6
Passo del Bernina	2260	2798423 / 1143019	01.1991-12.2020	30.9	28.0	30.3	26.3	NA	3.2	0.7	1.4	5.8	14.0	25.3	30.7	NA
Payerne	490	2562130 / 1184611	01.1991-12.2020	21.1	19.7	12.1	3.6	0.2	0.0	0.0	0.0	0.0	1.6	9.4	18.8	86.5
Pilatus	2105	2661904 / 1203410	01.1991-12.2020	29.4	25.9	26.4	20.8	11.7	4.1	1.1	0.9	5.9	10.8	20.7	27.4	185.1
Piotta	990	2695880 / 1152264	01.1991-12.2020	28.4	25.0	16.5	5.3	0.2	0.0	0.0	0.0	0.1	3.1	16.0	26.8	121.4
Piz Corvatsch	3294	2783155 / 1143524	01.1991-12.2020	31.0	28.3	31.0	30.0	29.8	20.2	13.1	11.4	22.1	28.5	29.8	31.0	306.2
Plaffeien	1042	2586828 / 1177406	01.1991-12.2020	23.6	20.9	15.7	8.0	1.1	0.0	0.0	0.0	0.1	3.5	13.1	20.9	106.9
Poschiavo / Robbia	1078	2801993 / 1136248	01.1991-12.2020	28.9	25.4	20.0	8.2	1.1	0.0	0.0	0.0	0.4	4.6	16.7	27.1	132.4
Pully	456	2540819 / 1151510	01.1991-12.2020	12.2	9.5	3.9	0.2	0.0	0.0	0.0	0.0	0.0	0.2	2.6	9.0	37.6
Robièi	1898	2682587 / 1144090	01.1991-12.2020	29.0	26.3	26.5	19.3	6.4	0.5	0.0	0.0	1.2	8.6	21.6	28.5	167.9
Rünenberg	611	2633252 / 1253846	01.1991-12.2020	18.6	15.7	9.6	3.2	0.1	0.0	0.0	0.0	0.0	1.0	7.9	17.1	73.2
S. Bernardino	1639	2734116 / 1147293	01.1991-12.2020	30.3	27.2	27.0	18.0	3.9	0.2	0.0	0.0	1.1	10.6	22.7	29.8	170.8
Salen-Reutenen	719	2719100 / 1279046	01.1991-12.2020	19.7	17.6	10.9	4.2	0.2	0.0	0.0	0.0	0.0	1.1	8.7	18.8	81.2
Samedan	1709	2787250 / 1155684	01.1991-12.2020	30.8	28.2	30.1	26.2	14.4	4.3	1.8	2.0	10.4	21.3	27.0	30.5	227.0
Schaffhausen	438	2688703 / 1282803	01.1991-12.2020	20.2	18.1	10.1	2.6	0.1	0.0	0.0	0.0	0.0	1.3	7.9	18.0	78.3
Scuol	1304	2817138 / 1186393	01.1991-12.2020	30.8	27.8	26.2	13.9	2.4	0.3	0.0	0.0	1.2	9.3	22.5	30.1	164.5
Segl-Maria	1804	2778576 / 1144976	01.1991-12.2020	31.0	28.2	30.4	26.7	12.3	3.2	0.7	0.5	5.3	19.1	27.0	30.8	215.2
Sion	482	2591632 / 1118583	01.1991-12.2020	23.7	19.5	8.4	1.1	0.0	0.0	0.0	0.0	0.0	1.4	11.1	22.4	87.6
St. Gallen	776	2747865 / 1254587	01.1991-12.2020	21.0	17.8	12.3	5.1	0.2	0.0	0.0	0.0	0.1	1.5	9.9	19.6	87.5
Sta. Maria, Val Müstair	1386	2828862 / 1165579	01.1991-12.2020	28.8	25.7	20.6	9.4	0.9	0.1	0.0	0.0	0.2	4.9	17.1	27.8	135.5
Stabio	351	2716048 / 1077971	01.1991-12.2020	25.4	22.1	12.4	3.1	0.0	0.0	0.0	0.0	0.0	1.1	9.8	22.8	96.7
Säntis	2501	2744188 / 1234920	01.1991-12.2020	30.8	27.7	30.3	26.5	19.2	10.1	4.8	4.0	11.6	17.1	26.0	30.3	238.4
Ulrichen	1346	2666747 / 1150766	01.1991-12.2020	30.8	28.0	28.3	20.4	5.8	0.8	0.0	0.1	3.9	15.1	25.6	30.1	188.9
Vaduz	457	2757723 / 1221699	01.1991-12.2020	19.3	15.4	9.2	2.5	0.0	0.0	0.0	0.0	0.0	1.2	8.8	18.2	74.6
Visp	639	2631150 / 1128024	01.1991-12.2020	25.5	21.9	14.5	4.7	0.3	0.0	0.0	0.0	0.0	3.9	15.9	24.0	110.7
Weissfluhjoch	2691	2780615 / 1189634	01.1991-12.2020	30.8	28.0	30.8	28.6	22.9	11.6	5.8	4.8	12.5	20.7	27.9	30.6	255.0
Wynau	422	2626405 / 1233849	01.1991-12.2020	21.4	20.6	15.6	4.7	0.1	0.0	0.0	0.0	0.0	1.6	9.5	18.7	92.2
Wädenswil	485	2693847 / 1230744	01.1991-12.2020	19.3	16.5	8.5	1.5	0.0	0.0	0.0	0.0	0.0	0.7	5.6	16.2	68.3
Zermatt	1638	2624297 / 1097574	01.1991-12.2020	30.8	27.7	26.8	16.4	4.5	0.4	0.0	0.1	1.7	9.3	22.9	30.1	170.7
Zürich / Affoltern	444	2681433 / 1253547	01.1991-12.2020	20.9	19.5	13.4	3.7	0.1	0.0	0.0	0.0	0.0	1.6	9.0	18.9	87.1
Zürich / Fluntern	556	2685117 / 1248065	01.1991-12.2020	18.9	16.4	8.9	2.2	0.0	0.0	0.0	0.0	0.0	1.0	7.0	17.5	71.9
Zürich / Kloten	426	2682711 / 1259338	01.1991-12.2020	21.5	20.7	15.2	4.9	0.3	0.0	0.0	0.0	0.0	2.0	10.1	19.6	94.3

