Federal Department of Home Affairs FDHA
Federal Office of Meteorology and Climatology
MeteoSwiss

Creation date: 25.01.2024 / As at: cf. creation date

Monthly values Wind speed scalar / meter/second / Normals 1991-2020

Station	Altitude [m asl]	CH coordinates	Reference period	Jan	Feb	Mar	Apr	May	Jun	Jul	Aug	Sep	Oct	Nov	Dec	Year
Aadorf / Tänikon	539	2710518 / 1259824	01.1991-12.2020	1.7	1.7	1.8	1.6	1.6	1.5	1.5	1.3	1.3	1.3	1.4	1.7	1.5
Acquarossa / Comprovasco	575	2714985 / 1146450	01.1991-12.2020	2.0	2.2	2.6	2.7	2.4	2.3	2.2	2.0	1.9	1.8	1.9	1.9	2.2
Adelboden	1321	2609371 / 1148939	01.1991-12.2020	1.8	2.0	2.2	2.2	2.2	2.2	2.1	1.9	1.8	1.7	1.8	1.9	2.0
Aigle	381	2560403 / 1130713	01.1991-12.2020	2.0	2.3	2.5	2.7	2.5	2.2	2.2	2.0	1.7	1.7	1.9	2.1	2.2
Altdorf	438	2690180 / 1193563	01.1991-12.2020	2.4	2.6	2.6	3.0	2.6	2.1	2.0	1.8	1.9	2.3	2.4	2.4	2.3
Basel / Binningen	316	2610908 / 1265611	01.1991-12.2020	2.4	2.3	2.3	1.9	1.8	1.8	1.8	1.6	1.6	1.7	2.0	2.4	2.0
Bern / Zollikofen	553	2601934 / 1204409	01.1991-12.2020	1.8	2.0	2.2	2.1	2.0	2.0	1.9	1.7	1.7	1.6	1.6	1.8	1.9
Buchs / Aarau	387	2648396 / 1248369	01.1991-12.2020	1.6	1.6	1.7	1.5	1.5	1.4	1.3	1.1	1.2	1.2	1.3	1.6	1.4
Bullet / La Frétaz	1205	2534225 / 1188081	01.1991-12.2020	2.4	2.5	2.5	2.5	2.4	2.3	2.3	2.1	2.1	2.2	2.3	2.4	2.3
Chasseral	1594	2570845 / 1220157	01.1991-12.2020	10.3	10.0	9.0	7.8	7.4	7.1	7.1	6.7	7.3	8.4	9.3	10.7	8.4
Chur	557	2759488 / 1193181	01.1991-12.2020	2.5	2.8	3.1	3.3	3.1	3.0	2.9	2.6	2.5	2.5	2.6	2.5	2.8
Cimetta	1661	2704433 / 1117457	01.1991-12.2020	2.5	2.4	2.6	2.7	2.6	2.5	2.4	2.3	2.4	2.3	2.5	2.4	2.5
Col du Grand St-Bernard	2472	2579191 / 1079754	01.1991-12.2020	5.5	5.7	5.7	5.6	5.2	5.0	5.0	4.7	5.2	5.3	5.7	5.7	5.4
Davos	1594	2783519 / 1187458	01.1991-12.2020	1.5	1.8	2.0	2.3	2.5	2.6	2.7	2.5	2.4	2.1	1.8	1.7	2.2
Disentis	1197	2708190 / 1173793	01.1991-12.2020	0.9	0.9	1.2	1.3	1.3	1.3	1.3	1.2	1.1	1.0	0.9	0.8	1.1
Engelberg	1036	2674161 / 1186069	01.1991-12.2020	1.6	1.7	1.9	2.3	2.2	2.0	1.9	1.8	1.7	1.6	1.7	1.6	1.8
Evolène / Villa	1825	2605411 / 1106748	01.1991-12.2020	1.3	1.3	1.6	1.9	1.9	1.9	1.9	1.7	1.5	1.4	1.3	1.3	1.6
Fahy	596	2562464 / 1252675	01.1991-12.2020	3.1	3.1	3.1	2.6	2.4	2.2	2.2	2.1	2.2	2.4	2.6	3.1	2.6
Genève / Cointrin	411	2498904 / 1122631	01.1991-12.2020	2.5	2.7	2.9	2.8	2.6	2.5	2.3	2.1	2.2	2.1	2.3	2.6	2.5
Glarus	517	2723756 / 1210567	01.1991-12.2020	1.6	1.8	2.3	2.9	2.8	2.6	2.5	2.2	2.0	1.8	1.8	1.6	2.2
Grimsel Hospiz	1980	2668583 / 1158214	01.1991-12.2020	5.8	5.6	5.2	4.9	4.5	4.2	4.2	4.1	4.4	5.3	5.8	5.8	5.0
Gösgen	380	2640422 / 1245949	01.1991-12.2020	2.4	2.3	2.3	2.0	1.9	1.7	1.6	1.4	1.4	1.6	1.9	2.3	1.9
Gütsch, Andermatt	2286	2690087 / 1167480	01.1991-12.2020	7.0	6.8	6.7	6.8	6.4	5.5	5.3	5.3	5.7	6.6	7.1	7.1	6.4
Güttingen	440	2738422 / 1273962	01.1991-12.2020	2.4	2.5	2.5	2.3	2.2	2.1	2.1	2.0	2.0	2.0	2.1	2.4	2.2
Hörnli	1133	2713517 / 1247756	01.1991-12.2020	4.7	4.5	4.5	3.7	3.5	3.1	3.2	3.2	3.4	4.0	4.3	4.7	3.9
Interlaken	577	2633023 / 1169091	01.1991-12.2020	1.6	1.7	2.0	2.2	2.1	2.0	1.9	1.7	1.6	1.5	1.6	1.7	1.8
Jungfraujoch	3571	2641938 / 1155287	01.1991-12.2020	7.7	7.5	7.3	6.5	6.0	5.3	5.1	4.8	5.6	6.5	7.6	7.9	6.5
La Chaux-de-Fonds	1017	2550919 / 1214861	01.1991-12.2020	2.5	2.6	2.6	2.5	2.4	2.2	2.1	1.9	2.1	2.2	2.3	2.6	2.3
La Dôle	1670	2497059 / 1142372	01.1991-12.2020	9.7	9.6	8.8	7.5	7.2	6.8	6.5	6.3	6.9	7.9	9.0	9.9	8.0
Le Moléson	1974	2567718 / 1155076	01.1991-12.2020	6.3	6.2	5.6	4.8	4.6	4.6	4.5	4.5	4.5	5.1	6.0	6.8	5.3
Leibstadt	341	2656374 / 1272121	01.1991-12.2020	2.0	2.1	2.2	2.1	2.0	1.9	1.9	1.6	1.6	1.6	1.7	2.0	1.9
Locarno / Monti	367	2704166 / 1114315	01.1991-12.2020	1.1	1.3	1.6	1.7	1.6	1.6	1.6	1.5	1.3	1.2	1.1	1.0	1.4
Lugano	273	2717874 / 1095882	01.1991-12.2020	1.5	1.7	2.1	2.0	1.8	1.8	1.8	1.7	1.6	1.5	1.5	1.5	1.7
Luzern	454	2665544 / 1209849	01.1991-12.2020	1.5	1.6	1.8	1.8	1.7	1.6	1.6	1.4	1.4	1.3	1.3	1.4	1.5
Lägern	845	2672251 / 1259459	01.1991-12.2020	5.3	5.1	5.1	4.5	4.3	4.1	4.0	3.9	4.3	4.7	4.8	5.4	4.6
Magadino / Cadenazzo	203	2715479 / 1113160	01.1991-12.2020	1.3	1.5	2.0	2.1	1.9	1.9	1.9	1.7	1.5	1.3	1.2	1.2	1.6
Montana	1423	2601708 / 1127488	01.1991-12.2020	1.8	1.9	2.2	2.5	2.3	2.0	1.9	1.7	1.8	1.9	2.1	1.9	2.0
Napf	1404	2638137 / 1206079	01.1991-12.2020	5.4	5.1	4.7	3.7	3.6	3.4	3.5	3.5	3.7	4.2	4.7	5.5	4.3
Neuchâtel	485	2563086 / 1205559	01.1991-12.2020	2.8	2.9	3.1	2.7	2.7	2.6	2.6	2.3	2.4	2.3	2.4	2.9	2.6
Nyon / Changins	458	2506877 / 1139573	01.1991-12.2020	2.6	2.8	3.0	2.8	2.7	2.6	2.6	2.3	2.4	2.2	2.3	2.6	2.6
Payerne	490	2562130 / 1184611	01.1991-12.2020	2.2	2.4	2.4	2.2	2.1	1.9	1.9	1.7	1.7	1.7	1.9	2.2	2.0
Pilatus	2105	2661904 / 1203410	01.1991-12.2020	6.1	5.7	5.3	4.8	4.2	3.7	3.4	3.6	4.1	5.0	5.8	6.3	4.8
Piotta	990	2695880 / 1152264	01.1991-12.2020	2.3	2.5	2.8	2.9	2.8	2.9	2.9	2.6	2.4	1.9	2.1	2.1	2.5
Piz Corvatsch	3294	2783155 / 1143524	01.1991-12.2020	6.9	6.7	6.4	5.2	4.6	4.1	3.8	3.7	4.1	5.2	6.2	6.7	5.3
Plaffeien	1042	2586828 / 1177406	01.1991-12.2020	3.3	3.3	3.4	2.9	2.7	2.7	2.7	2.5	2.6	2.6	2.8	3.3	2.9
Poschiavo / Robbia	1078	2801993 / 1136248	01.1991-12.2020	2.3	2.5	3.0	2.8	2.4	2.2	2.1	1.8	1.7	1.7	2.0	2.2	2.2
Pully	456	2540819 / 1151510	01.1991-12.2020	1.7	1.8	1.8	1.8	1.8	1.8	1.8	1.7	1.8	1.6	1.6	1.7	1.7
Robièi	1898	2682587 / 1144090	01.1991-12.2020	2.4	2.5	2.4	2.2	2.3	2.4	2.1	1.9	1.9	1.8	2.2	2.3	2.2
Rünenberg	611	2633252 / 1253846	01.1991-12.2020	3.1	3.0	3.0	2.6	2.3	2.1	2.1	1.9	2.0	2.3	2.6	3.2	2.5
S. Bernardino	1639	2734116 / 1147293	01.1991-12.2020	2.7	3.0	2.8	2.5	2.3	2.3	2.4	2.2	2.1	2.0	2.2	2.5	2.4
Samedan	1709	2787250 / 1155684	01.1991-12.2020	1.6	1.9	2.3	2.6	2.8	2.7	2.7	2.6	2.4	2.2	1.7	1.6	2.3
Schaffhausen	438	2688703 / 1282803	01.1991-12.2020	3.7	3.7	3.9	3.5	3.5	3.3	3.3	3.0	3.2	3.2	3.2	3.7	3.4
Scuol	1304	2817138 / 1186393	01.1991-12.2020	1.3	1.3	1.5	1.8	1.8	1.7	1.6	1.5	1.3	1.2	1.1	1.1	1.4
Sion	482	2591632 / 1118583	01.1991-12.2020	1.5	1.9	2.5	2.9	2.8	2.9	2.9	2.6	2.3	1.7	1.5	1.4	2.2
St. Gallen	776	2747865 / 1254587	01.1991-12.2020	2.1	2.2	2.4	2.3	2.2	2.1	2.1	1.9	1.8	1.8	1.9	2.1	2.1
Stabio	351	2716048 / 1077971	01.1991-12.2020	0.9	1.1	1.3	1.3	1.2	1.2	1.2	1.1	1.0	0.9	0.9	0.9	1.1
Säntis	2501	2744188 / 1234920	01.1991-12.2020	8.0	7.9	7.2	5.3	4.8	4.9	5.1	4.9	5.3	6.3	7.1	8.1	6.2
Ulrichen	1346	2666747 / 1150766	01.1991-12.2020	1.0	1.4	1.9	2.3	2.4	2.4	2.2	2.0	1.8	1.5	1.2	1.0	1.8
Vaduz	457	2757723 / 1221699	01.1991-12.2020	2.1	2.2	2.3	2.4	2.1	1.9	1.8	1.7	1.7	1.8	1.9	2.1	2.0
Visp	639	2631150 / 1128024	01.1991-12.2020	2.4	2.9	3.8	4.2	3.9	3.5	3.4	2.9	2.9	2.7	2.8	2.4	3.2
Weissfluhjoch	2691	2780615 / 1189634	01.1991-12.2020	6.3	6.1	6.1	5.8	5.0	4.6	4.3	3.9	4.4	5.0	6.0	6.4	5.3
Wynau	422	2626405 / 1233849	01.1991-12.2020	2.1	2.0	2.1	1.9	1.8	1.6	1.5	1.3	1.4	1.5	1.6	2.0	1.7
Wädenswil	485	2693847 / 1230744	01.1991-12.2020	1.8	1.9	1.9	1.9	1.9	1.9	1.8	1.7	1.7	1.6	1.7	1.9	1.8
Zermatt	1638	2624297 / 1097574	01.1991-12.2020	1.2	1.5	1.7	2.2	2.3	2.3	2.2	2.0	1.9	1.6	1.4	1.2	1.8
Zürich / Affoltern	444	2681433 / 1253547	01.1991-12.2020	1.9	1.9	2.0	1.7	1.7	1.6	1.5	1.3	1.3	1.4	1.5	1.8	1.6
Zürich / Fluntern	556	2685117 / 1248065	01.1991-12.2020	2.3	2.3	2.5	2.1	2.1	1.9	1.9	1.7	1.8	1.8	2.0	2.2	2.1
Zürich / Kloten	426	2682711 / 1259338	01.1991-12.2020	2.8	2.8	2.9	2.7	2.6	2.4	2.4	2.1	2.2	2.2	2.3	2.7	2.5

